100
1 2
1 4
1 5
1 7
1 9
1 13
1 15
1 17
1 18
1 19
1 20
1 21
1 22
1 24
1 25
1 27
1 28
1 31
1 33
1 36
1 38
1 39
1 40
1 41
1 42
1 43
1 44
1 46
1 47
1 48
1 51
1 52
1 54
1 56
1 57
1 58
1 59
1 61
1 67
1 69
1 71
1 72
1 74
1 78
1 79
1 83
1 86
1 87
1 88
1 91
1 92
1 93
1 95
1 96
1 98
2 3
2 4
2 5
2 6
2 8
2 9
2 12
2 15
2 16
2 18
2 21
2 25
2 26
2 28
2 29
2 30
2 32
2 33
2 34
2 37
2 38
2 39
2 41
2 42
2 43
2 46
2 47
2 52
2 54
2 59
2 60
2 61
2 62
2 66
2 68
2 70
2 72
2 73
2 74
2 75
2 76
2 78
2 79
2 80
2 81
2 84
2 85
2 87
2 88
2 89
2 91
2 93
2 94
2 95
2 98
2 99
3 4
3 5
3 8
3 9
3 10
3 11
3 15
3 17
3 18
3 19
3 20
3 22
3 24
3 26
3 28
3 32
3 36
3 41
3 48
3 49
3 51
3 52
3 53
3 54
3 56
3 58
3 61
3 64
3 65
3 67
3 68
3 69
3 70
3 71
3 73
3 78
3 79
3 80
3 81
3 86
3 87
3 90
3 91
3 92
3 94
3 95
3 96
3 97
4 5
4 7
4 8
4 10
4 11
4 15
4 16
4 17
4 18
4 19
4 20
4 23
4 29
4 30
4 31
4 32
4 33
4 34
4 35
4 37
4 39
4 40
4 43
4 45
4 50
4 51
4 55
4 57
4 58
4 62
4 63
4 64
4 66
4 67
4 69
4 70
4 71
4 72
4 73
4 74
4 77
4 80
4 81
4 82
4 84
4 86
4 87
4 88
4 90
4 91
4 94
4 95
4 96
4 99
4 100
5 6
5 8
5 9
5 10
5 11
5 12
5 13
5 14
5 18
5 21
5 22
5 23
5 25
5 26
5 28
5 29
5 30
5 33
5 34
5 35
5 39
5 40
5 41
5 43
5 45
5 46
5 47
5 50
5 53
5 54
5 61
5 65
5 67
5 71
5 72
5 73
5 77
5 78
5 84
5 89
5 94
5 95
5 97
5 100
6 8
6 10
6 14
6 15
6 17
6 19
6 20
6 21
6 22
6 24
6 25
6 26
6 27
6 29
6 31
6 37
6 38
6 39
6 40
6 42
6 45
6 46
6 47
6 49
6 52
6 53
6 57
6 62
6 63
6 65
6 66
6 70
6 72
6 73
6 75
6 77
6 80
6 84
6 88
6 94
6 96
6 100
7 11
7 13
7 14
7 15
7 17
7 24
7 27
7 32
7 35
7 36
7 39
7 45
7 46
7 54
7 55
7 57
7 58
7 59
7 60
7 61
7 62
7 64
7 65
7 66
7 68
7 70
7 71
7 73
7 74
7 77
7 79
7 80
7 81
7 82
7 83
7 84
7 86
7 88
7 90
7 92
7 98
7 99
8 10
8 14
8 16
8 17
8 18
8 21
8 24
8 25
8 27
8 28
8 29
8 30
8 32
8 35
8 37
8 38
8 45
8 48
8 51
8 52
8 54
8 56
8 57
8 58
8 61
8 64
8 65
8 66
8 67
8 70
8 73
8 75
8 76
8 77
8 78
8 80
8 81
8 82
8 85
8 87
8 91
8 92
8 94
8 96
8 98
8 100
9 12
9 13
9 14
9 18
9 20
9 21
9 23
9 24
9 25
9 26
9 28
9 29
9 33
9 34
9 38
9 40
9 41
9 42
9 44
9 46
9 47
9 51
9 52
9 56
9 57
9 58
9 60
9 61
9 62
9 63
9 67
9 69
9 70
9 71
9 72
9 77
9 78
9 80
9 81
9 82
9 83
9 84
9 85
9 86
9 88
9 90
9 94
9 97
9 98
9 99
9 100
10 11
10 14
10 18
10 19
10 21
10 22
10 26
10 27
10 28
10 38
10 40
10 42
10 51
10 52
10 53
10 54
10 55
10 56
10 60
10 63
10 66
10 67
10 68
10 69
10 70
10 72
10 77
10 79
10 80
10 84
10 85
10 86
10 87
10 88
10 89
10 90
10 97
10 98
10 99
11 18
11 19
11 23
11 27
11 28
11 29
11 31
11 32
11 33
11 34
11 35
11 36
11 37
11 38
11 40
11 41
11 42
11 43
11 44
11 45
11 47
11 48
11 49
11 50
11 51
11 52
11 53
11 55
11 57
11 59
11 63
11 64
11 65
11 68
11 70
11 72
11 74
11 76
11 77
11 78
11 82
11 83
11 88
11 90
11 91
11 92
11 94
11 96
11 97
11 98
11 100
12 19
12 20
12 22
12 26
12 31
12 34
12 35
12 39
12 40
12 41
12 43
12 44
12 46
12 47
12 53
12 56
12 57
12 58
12 60
12 61
12 62
12 64
12 66
12 67
12 69
12 70
12 73
12 74
12 75
12 76
12 84
12 86
12 87
12 88
12 90
12 91
12 92
12 94
12 95
12 96
12 99
13 14
13 15
13 21
13 24
13 25
13 30
13 31
13 32
13 33
13 37
13 38
13 39
13 43
13 45
13 46
13 49
13 53
13 61
13 63
13 68
13 69
13 71
13 72
13 74
13 75
13 76
13 79
13 80
13 82
13 84
13 85
13 87
13 88
13 91
13 92
13 94
13 95
13 97
13 98
14 15
14 16
14 18
14 20
14 21
14 23
14 29
14 30
14 32
14 33
14 35
14 37
14 38
14 39
14 41
14 43
14 44
14 45
14 46
14 47
14 48
14 50
14 52
14 60
14 61
14 66
14 67
14 68
14 71
14 73
14 75
14 77
14 79
14 82
14 83
14 85
14 86
14 88
14 89
14 91
14 92
14 94
14 95
14 97
14 99
14 100
15 16
15 18
15 21
15 24
15 25
15 27
15 29
15 30
15 32
15 33
15 34
15 36
15 38
15 39
15 41
15 42
15 43
15 44
15 51
15 52
15 54
15 56
15 57
15 61
15 63
15 64
15 65
15 69
15 73
15 74
15 77
15 80
15 81
15 82
15 84
15 86
15 87
15 88
15 89
15 90
15 93
15 94
15 95
15 97
15 100
16 19
16 20
16 21
16 22
16 23
16 24
16 28
16 29
16 30
16 34
16 35
16 36
16 38
16 39
16 40
16 41
16 42
16 45
16 47
16 48
16 49
16 50
16 55
16 59
16 60
16 61
16 63
16 64
16 65
16 66
16 70
16 71
16 72
16 74
16 76
16 78
16 80
16 82
16 83
16 84
16 85
16 86
16 87
16 88
16 89
16 90
16 93
16 95
16 97
16 98
16 100
17 20
17 21
17 22
17 23
17 25
17 27
17 29
17 33
17 34
17 35
17 41
17 43
17 45
17 48
17 52
17 54
17 56
17 57
17 58
17 61
17 65
17 68
17 71
17 73
17 79
17 81
17 82
17 84
17 89
17 94
17 96
17 97
17 100
18 20
18 21
18 22
18 23
18 24
18 26
18 28
18 30
18 31
18 34
18 37
18 38
18 39
18 41
18 42
18 43
18 44
18 45
18 47
18 48
18 49
18 50
18 51
18 52
18 53
18 56
18 61
18 62
18 64
18 65
18 69
18 70
18 74
18 75
18 76
18 77
18 79
18 80
18 81
18 87
18 89
18 93
18 99
18 100
19 20
19 21
19 22
19 23
19 24
19 26
19 30
19 33
19 38
19 39
19 41
19 42
19 43
19 45
19 48
19 49
19 53
19 55
19 57
19 60
19 61
19 63
19 64
19 65
19 66
19 67
19 68
19 71
19 73
19 76
19 80
19 82
19 85
19 86
19 89
19 91
19 92
19 93
19 97
19 98
19 99
20 21
20 27
20 28
20 32
20 33
20 35
20 38
20 40
20 41
20 42
20 45
20 49
20 50
20 53
20 55
20 59
20 60
20 62
20 64
20 66
20 67
20 70
20 71
20 72
20 76
20 84
20 85
20 86
20 87
20 88
20 97
20 98
20 100
21 22
21 23
21 24
21 25
21 26
21 27
21 28
21 30
21 31
21 33
21 34
21 36
21 42
21 45
21 46
21 48
21 51
21 53
21 55
21 59
21 61
21 64
21 73
21 74
21 75
21 78
21 79
21 81
21 85
21 86
21 87
21 88
21 89
21 91
21 92
21 93
21 94
21 96
21 97
21 99
22 27
22 28
22 30
22 31
22 33
22 37
22 38
22 39
22 42
22 44
22 46
22 58
22 60
22 62
22 63
22 64
22 65
22 66
22 67
22 69
22 70
22 72
22 74
22 75
22 78
22 80
22 81
22 83
22 84
22 86
22 88
22 93
22 94
22 95
22 98
22 99
22 100
23 25
23 26
23 31
23 32
23 35
23 37
23 42
23 45
23 47
23 49
23 51
23 53
23 57
23 59
23 60
23 63
23 68
23 70
23 71
23 72
23 74
23 75
23 77
23 78
23 81
23 82
23 83
23 86
23 88
23 90
23 91
23 93
23 95
23 96
23 98
24 26
24 27
24 28
24 30
24 31
24 32
24 34
24 36
24 37
24 38
24 39
24 40
24 42
24 45
24 46
24 47
24 49
24 52
24 53
24 58
24 59
24 65
24 67
24 69
24 71
24 72
24 76
24 77
24 78
24 79
24 80
24 81
24 82
24 90
24 93
24 95
24 96
24 99
24 100
25 26
25 27
25 28
25 29
25 30
25 31
25 35
25 36
25 37
25 38
25 40
25 41
25 44
25 46
25 47
25 48
25 49
25 55
25 57
25 59
25 61
25 67
25 68
25 69
25 70
25 75
25 79
25 80
25 82
25 83
25 84
25 87
25 88
25 89
25 99
25 100
26 27
26 28
26 29
26 30
26 35
26 36
26 37
26 38
26 39
26 42
26 44
26 46
26 47
26 50
26 51
26 53
26 54
26 57
26 61
26 63
26 64
26 67
26 68
26 69
26 71
26 73
26 74
26 75
26 76
26 77
26 78
26 80
26 82
26 83
26 88
26 92
26 94
26 95
26 97
26 99
27 31
27 35
27 36
27 39
27 40
27 41
27 42
27 44
27 46
27 47
27 49
27 50
27 51
27 54
27 55
27 57
27 60
27 62
27 63
27 65
27 67
27 70
27 71
27 74
27 75
27 77
27 78
27 79
27 83
27 85
27 92
27 93
27 94
27 95
27 98
28 33
28 35
28 37
28 39
28 40
28 43
28 44
28 46
28 48
28 49
28 53
28 54
28 56
28 58
28 61
28 63
28 67
28 68
28 74
28 75
28 78
28 79
28 80
28 81
28 82
28 83
28 84
28 85
28 88
28 89
28 93
28 94
28 96
28 97
28 98
28 99
28 100
29 30
29 31
29 32
29 33
29 34
29 37
29 39
29 40
29 41
29 42
29 47
29 48
29 49
29 50
29 51
29 52
29 57
29 58
29 59
29 61
29 63
29 65
29 68
29 72
29 73
29 76
29 77
29 78
29 84
29 87
29 89
29 95
29 98
29 99
30 31
30 32
30 33
30 35
30 36
30 37
30 41
30 42
30 44
30 47
30 48
30 51
30 52
30 53
30 54
30 55
30 57
30 58
30 59
30 61
30 62
30 63
30 65
30 66
30 68
30 69
30 71
30 73
30 74
30 75
30 76
30 77
30 81
30 82
30 83
30 85
30 89
30 90
30 91
30 97
30 99
30 100
31 32
31 34
31 36
31 37
31 40
31 45
31 47
31 48
31 50
31 56
31 57
31 60
31 61
31 62
31 64
31 65
31 66
31 69
31 70
31 71
31 72
31 73
31 75
31 76
31 80
31 82
31 83
31 85
31 86
31 87
31 92
31 93
31 95
31 97
31 98
32 38
32 39
32 42
32 43
32 55
32 56
32 57
32 63
32 66
32 70
32 71
32 73
32 76
32 77
32 78
32 79
32 80
32 81
32 83
32 84
32 88
32 89
32 92
32 93
32 94
32 95
32 96
33 34
33 35
33 36
33 38
33 39
33 43
33 44
33 45
33 46
33 50
33 51
33 52
33 54
33 55
33 56
33 64
33 66
33 70
33 72
33 76
33 77
33 78
33 80
33 82
33 83
33 87
33 88
33 89
33 90
33 91
33 92
33 94
34 36
34 37
34 39
34 41
34 43
34 44
34 46
34 48
34 49
34 50
34 51
34 55
34 56
34 58
34 61
34 63
34 66
34 67
34 69
34 74
34 79
34 80
34 81
34 82
34 83
34 84
34 85
34 88
34 92
34 94
34 95
34 96
34 99
34 100
35 37
35 38
35 39
35 41
35 42
35 45
35 46
35 47
35 50
35 51
35 53
35 54
35 57
35 61
35 62
35 66
35 68
35 70
35 71
35 73
35 74
35 78
35 82
35 83
35 86
35 88
35 89
35 91
35 92
35 94
35 95
35 98
35 100
36 37
36 38
36 39
36 41
36 42
36 44
36 48
36 49
36 50
36 51
36 54
36 55
36 57
36 58
36 59
36 60
36 64
36 65
36 69
36 70
36 79
36 81
36 84
36 85
36 86
36 87
36 88
36 92
37 38
37 39
37 41
37 42
37 44
37 47
37 49
37 50
37 52
37 53
37 54
37 58
37 60
37 61
37 62
37 63
37 64
37 65
37 66
37 68
37 70
37 72
37 77
37 78
37 81
37 83
37 89
37 91
37 93
37 96
37 97
37 100
38 39
38 42
38 43
38 50
38 51
38 53
38 54
38 56
38 57
38 58
38 59
38 61
38 62
38 64
38 66
38 67
38 71
38 81
38 82
38 87
38 88
38 89
38 90
38 91
38 92
38 94
39 41
39 44
39 45
39 47
39 48
39 49
39 51
39 54
39 55
39 56
39 57
39 62
39 64
39 73
39 74
39 75
39 77
39 78
39 79
39 81
39 83
39 84
39 88
39 90
39 91
39 94
39 97
39 100
40 42
40 43
40 44
40 46
40 47
40 48
40 50
40 52
40 53
40 54
40 56
40 57
40 58
40 60
40 62
40 67
40 68
40 70
40 71
40 77
40 78
40 80
40 85
40 86
40 87
40 91
40 93
40 94
40 97
40 98
40 99
40 100
41 42
41 45
41 46
41 50
41 57
41 58
41 59
41 60
41 61
41 62
41 64
41 65
41 68
41 69
41 70
41 72
41 74
41 75
41 78
41 86
41 88
41 93
41 95
41 98
41 99
42 43
42 45
42 46
42 47
42 49
42 50
42 51
42 52
42 53
42 54
42 55
42 58
42 59
42 62
42 65
42 67
42 68
42 70
42 73
42 74
42 77
42 78
42 82
42 84
42 85
42 86
42 87
42 88
42 89
42 91
42 92
42 96
42 98
43 45
43 51
43 52
43 53
43 55
43 58
43 59
43 60
43 64
43 67
43 72
43 73
43 75
43 77
43 78
43 80
43 83
43 84
43 87
43 89
43 90
43 91
43 93
43 95
43 96
43 99
44 46
44 47
44 48
44 51
44 52
44 58
44 59
44 64
44 65
44 66
44 67
44 68
44 69
44 72
44 75
44 76
44 77
44 80
44 81
44 84
44 86
44 87
44 97
44 98
44 99
44 100
45 47
45 50
45 52
45 53
45 57
45 59
45 63
45 66
45 68
45 71
45 73
45 75
45 79
45 80
45 82
45 84
45 85
45 87
45 88
45 91
45 94
45 96
46 48
46 51
46 52
46 56
46 57
46 60
46 61
46 65
46 67
46 69
46 70
46 71
46 72
46 79
46 80
46 82
46 84
46 85
46 90
46 91
46 92
46 93
46 94
46 98
46 100
47 51
47 54
47 56
47 57
47 58
47 59
47 63
47 65
47 66
47 67
47 71
47 74
47 76
47 77
47 78
47 80
47 81
47 82
47 83
47 87
47 88
47 89
47 91
47 92
47 93
47 97
47 98
48 49
48 50
48 55
48 56
48 57
48 58
48 59
48 64
48 66
48 71
48 72
48 74
48 75
48 78
48 86
48 87
48 88
48 89
48 91
48 92
48 93
48 96
48 97
48 98
48 99
48 100
49 50
49 51
49 53
49 55
49 56
49 57
49 59
49 60
49 62
49 63
49 65
49 69
49 72
49 73
49 75
49 76
49 77
49 80
49 81
49 82
49 83
49 84
49 86
49 88
49 89
49 93
49 94
49 96
49 97
49 99
49 100
50 51
50 52
50 55
50 56
50 57
50 58
50 62
50 63
50 64
50 66
50 68
50 71
50 75
50 77
50 78
50 79
50 80
50 87
50 89
50 90
50 92
50 93
50 94
50 96
50 97
50 98
50 100
51 52
51 53
51 55
51 57
51 58
51 59
51 65
51 67
51 68
51 70
51 72
51 73
51 74
51 77
51 79
51 82
51 83
51 85
51 90
51 91
51 94
51 95
51 96
52 53
52 55
52 57
52 63
52 65
52 69
52 72
52 74
52 75
52 77
52 79
52 80
52 82
52 83
52 84
52 85
52 87
52 94
52 95
52 96
52 98
52 99
52 100
53 55
53 58
53 59
53 63
53 64
53 69
53 71
53 72
53 73
53 74
53 75
53 76
53 77
53 78
53 81
53 83
53 86
53 90
53 93
53 94
53 95
53 97
53 98
54 55
54 56
54 57
54 59
54 63
54 65
54 71
54 74
54 77
54 78
54 79
54 81
54 83
54 84
54 86
54 87
54 88
54 89
54 92
54 94
54 96
55 56
55 57
55 58
55 59
55 60
55 61
55 65
55 66
55 70
55 72
55 75
55 79
55 80
55 83
55 84
55 89
55 90
55 91
55 93
55 94
55 96
55 99
55 100
56 58
56 61
56 62
56 63
56 64
56 67
56 71
56 72
56 74
56 75
56 76
56 77
56 79
56 81
56 83
56 87
56 90
56 91
56 92
56 93
56 95
56 96
56 99
57 59
57 60
57 61
57 65
57 71
57 75
57 76
57 80
57 81
57 89
57 90
57 93
57 96
57 97
57 99
57 100
58 61
58 62
58 75
58 79
58 82
58 83
58 87
58 88
58 89
58 90
58 91
59 62
59 63
59 66
59 67
59 69
59 70
59 77
59 78
59 79
59 80
59 82
59 83
59 85
59 87
59 90
59 92
59 94
59 95
59 97
60 65
60 67
60 69
60 71
60 72
60 74
60 76
60 77
60 78
60 79
60 80
60 84
60 85
60 87
60 95
60 96
60 100
61 63
61 64
61 67
61 69
61 71
61 72
61 74
61 75
61 76
61 77
61 78
61 79
61 80
61 82
61 85
61 87
61 88
61 89
61 90
61 91
61 95
61 97
62 65
62 66
62 67
62 68
62 72
62 77
62 81
62 82
62 88
62 90
62 92
62 95
62 96
62 97
63 64
63 65
63 66
63 67
63 68
63 70
63 73
63 74
63 75
63 76
63 77
63 78
63 79
63 80
63 81
63 83
63 84
63 87
63 88
63 89
63 93
63 95
63 99
64 65
64 69
64 70
64 71
64 75
64 76
64 77
64 80
64 81
64 82
64 86
64 88
64 89
64 90
64 91
64 92
64 93
64 95
64 98
64 99
64 100
65 68
65 70
65 74
65 76
65 82
65 83
65 84
65 91
65 93
65 94
65 95
65 97
66 67
66 70
66 71
66 74
66 79
66 80
66 81
66 83
66 84
66 86
66 88
66 90
66 92
66 93
66 95
66 96
67 68
67 69
67 72
67 73
67 75
67 76
67 79
67 81
67 84
67 86
67 87
67 88
67 91
68 71
68 72
68 75
68 80
68 84
68 86
68 90
69 71
69 73
69 74
69 75
69 76
69 77
69 78
69 80
69 81
69 83
69 86
69 87
69 89
69 92
69 95
69 96
69 99
69 100
70 72
70 73
70 74
70 77
70 79
70 80
70 81
70 83
70 85
70 87
70 92
70 93
70 94
70 95
70 96
70 99
70 100
71 72
71 73
71 76
71 77
71 80
71 81
71 82
71 84
71 91
71 93
71 97
71 98
71 100
72 74
72 76
72 80
72 84
72 85
72 87
72 90
72 94
72 95
72 96
72 97
72 98
72 99
72 100
73 75
73 79
73 80
73 82
73 84
73 87
73 88
73 90
73 99
73 100
74 75
74 80
74 81
74 83
74 87
74 89
74 90
74 92
74 93
74 96
74 99
74 100
75 76
75 77
75 78
75 82
75 84
75 85
75 86
75 89
75 92
75 93
75 96
75 98
75 100
76 78
76 79
76 81
76 83
76 85
76 87
76 89
76 90
76 91
76 93
76 94
76 97
76 99
77 79
77 80
77 81
77 82
77 83
77 85
77 86
77 87
77 88
77 91
77 93
77 94
77 95
77 96
77 98
78 80
78 81
78 84
78 85
78 86
78 90
78 91
78 93
78 95
78 98
78 100
79 80
79 83
79 84
79 90
79 91
79 94
79 95
79 96
79 97
79 98
79 99
80 81
80 82
80 83
80 84
80 86
80 87
80 88
80 91
80 95
80 98
80 99
81 82
81 85
81 86
81 87
81 91
81 93
81 94
81 95
81 96
81 97
81 98
81 100
82 83
82 84
82 86
82 87
82 93
82 95
82 96
82 99
82 100
83 85
83 86
83 87
83 89
83 91
83 96
83 97
83 98
83 99
84 85
84 86
84 87
84 88
84 89
84 90
84 92
84 94
84 95
85 86
85 87
85 91
85 95
85 96
85 97
86 87
86 88
86 89
86 94
87 90
87 91
87 94
87 97
87 99
88 89
88 92
88 93
88 94
88 97
89 94
89 97
90 92
90 95
90 98
90 99
91 93
91 94
91 95
91 96
91 97
91 98
92 93
92 97
92 98
92 100
93 94
93 96
93 97
93 99
93 100
94 95
94 97
94 98
94 99
95 96
95 97
95 98
95 100
96 97
96 100
97 99
97 100
98 100
