100
1 3
1 4
1 6
1 7
1 8
1 10
1 11
1 15
1 16
1 19
1 20
1 24
1 25
1 26
1 27
1 28
1 29
1 35
1 37
1 40
1 41
1 42
1 43
1 46
1 47
1 49
1 51
1 55
1 57
1 59
1 64
1 66
1 67
1 68
1 70
1 71
1 72
1 73
1 75
1 76
1 77
1 79
1 80
1 81
1 82
1 83
1 84
1 85
1 87
1 90
1 92
1 93
1 94
1 96
1 98
2 3
2 4
2 8
2 9
2 10
2 14
2 15
2 16
2 19
2 23
2 24
2 25
2 28
2 29
2 32
2 33
2 34
2 35
2 36
2 37
2 38
2 43
2 44
2 45
2 49
2 52
2 54
2 56
2 57
2 61
2 63
2 67
2 68
2 69
2 70
2 74
2 75
2 76
2 77
2 78
2 79
2 81
2 82
2 84
2 88
2 89
2 91
2 93
2 94
2 96
2 97
2 98
2 100
3 6
3 8
3 11
3 12
3 13
3 14
3 15
3 16
3 17
3 19
3 21
3 22
3 23
3 24
3 26
3 28
3 29
3 30
3 31
3 37
3 38
3 40
3 41
3 42
3 46
3 47
3 50
3 52
3 54
3 58
3 60
3 62
3 63
3 65
3 66
3 67
3 70
3 71
3 72
3 74
3 77
3 78
3 80
3 85
3 87
3 88
3 89
3 90
3 94
3 96
3 97
3 98
3 99
3 100
4 7
4 9
4 10
4 11
4 14
4 15
4 16
4 18
4 19
4 20
4 23
4 24
4 25
4 26
4 27
4 28
4 29
4 33
4 34
4 35
4 37
4 40
4 41
4 42
4 43
4 45
4 46
4 47
4 48
4 53
4 54
4 57
4 58
4 61
4 64
4 66
4 67
4 68
4 70
4 72
4 73
4 75
4 77
4 79
4 80
4 81
4 82
4 85
4 89
4 92
4 93
4 96
4 97
4 98
4 100
5 7
5 8
5 9
5 10
5 12
5 14
5 16
5 19
5 21
5 22
5 24
5 25
5 26
5 27
5 30
5 32
5 34
5 35
5 37
5 39
5 40
5 41
5 42
5 44
5 46
5 47
5 49
5 54
5 55
5 56
5 59
5 61
5 62
5 63
5 64
5 67
5 68
5 69
5 74
5 78
5 79
5 80
5 81
5 82
5 83
5 84
5 90
5 92
5 94
5 100
6 9
6 11
6 12
6 13
6 14
6 19
6 20
6 21
6 23
6 26
6 27
6 28
6 32
6 35
6 37
6 38
6 39
6 40
6 44
6 46
6 47
6 49
6 54
6 56
6 57
6 60
6 65
6 66
6 67
6 69
6 71
6 72
6 77
6 78
6 79
6 81
6 82
6 86
6 87
6 88
6 89
6 90
6 91
6 92
6 93
6 94
6 95
6 97
6 99
7 10
7 11
7 13
7 14
7 15
7 18
7 19
7 20
7 22
7 24
7 26
7 28
7 30
7 31
7 34
7 35
7 36
7 38
7 39
7 40
7 43
7 44
7 46
7 47
7 55
7 57
7 58
7 62
7 64
7 66
7 68
7 70
7 74
7 75
7 80
7 83
7 86
7 87
7 90
7 92
7 97
7 99
7 100
8 9
8 10
8 11
8 12
8 13
8 15
8 16
8 23
8 24
8 25
8 27
8 28
8 29
8 30
8 32
8 33
8 35
8 38
8 39
8 43
8 44
8 46
8 47
8 49
8 50
8 52
8 53
8 54
8 57
8 58
8 63
8 64
8 65
8 66
8 67
8 68
8 71
8 74
8 78
8 80
8 82
8 86
8 92
8 93
8 97
8 99
8 100
9 11
9 12
9 13
9 15
9 16
9 20
9 21
9 22
9 23
9 24
9 25
9 27
9 28
9 29
9 33
9 36
9 37
9 41
9 42
9 43
9 45
9 46
9 47
9 48
9 49
9 50
9 55
9 58
9 59
9 60
9 61
9 62
9 63
9 65
9 67
9 70
9 72
9 73
9 75
9 77
9 78
9 83
9 84
9 87
9 88
9 89
9 96
9 98
10 11
10 16
10 18
10 22
10 23
10 24
10 26
10 27
10 28
10 30
10 31
10 32
10 33
10 34
10 35
10 37
10 38
10 39
10 40
10 41
10 43
10 44
10 47
10 48
10 49
10 50
10 51
10 52
10 59
10 61
10 62
10 63
10 68
10 69
10 72
10 76
10 78
10 80
10 81
10 82
10 83
10 84
10 86
10 89
10 90
10 95
10 96
10 98
11 12
11 13
11 14
11 16
11 17
11 18
11 19
11 20
11 21
11 25
11 26
11 28
11 29
11 32
11 33
11 34
11 35
11 36
11 39
11 40
11 41
11 42
11 43
11 46
11 47
11 51
11 52
11 54
11 55
11 59
11 62
11 63
11 64
11 69
11 73
11 74
11 78
11 81
11 82
11 83
11 84
11 87
11 92
11 94
11 98
11 99
11 100
12 13
12 14
12 15
12 18
12 24
12 25
12 26
12 28
12 29
12 35
12 38
12 39
12 43
12 44
12 45
12 48
12 49
12 51
12 52
12 53
12 54
12 60
12 63
12 64
12 67
12 74
12 76
12 77
12 82
12 83
12 84
12 86
12 94
12 95
12 98
12 99
13 14
13 15
13 18
13 20
13 24
13 25
13 26
13 40
13 42
13 46
13 50
13 52
13 53
13 57
13 59
13 60
13 62
13 67
13 70
13 71
13 74
13 77
13 78
13 79
13 80
13 82
13 84
13 85
13 89
13 90
13 92
13 98
13 99
13 100
14 17
14 22
14 23
14 24
14 26
14 28
14 30
14 31
14 35
14 43
14 44
14 45
14 46
14 48
14 49
14 51
14 52
14 53
14 55
14 56
14 57
14 58
14 60
14 61
14 64
14 66
14 67
14 69
14 70
14 73
14 74
14 75
14 76
14 78
14 80
14 81
14 82
14 83
14 85
14 89
14 91
14 94
14 95
14 96
14 97
14 99
15 16
15 19
15 20
15 24
15 26
15 27
15 28
15 30
15 33
15 37
15 40
15 42
15 45
15 48
15 49
15 50
15 52
15 53
15 56
15 58
15 61
15 63
15 66
15 68
15 69
15 70
15 72
15 76
15 77
15 81
15 82
15 83
15 85
15 86
15 87
15 88
15 89
15 90
15 93
15 94
15 96
15 98
15 100
16 18
16 19
16 21
16 22
16 25
16 29
16 30
16 32
16 33
16 34
16 40
16 41
16 44
16 45
16 47
16 48
16 49
16 52
16 53
16 55
16 61
16 63
16 65
16 66
16 68
16 72
16 73
16 75
16 83
16 84
16 87
16 90
16 93
16 94
16 97
16 98
16 99
16 100
17 18
17 19
17 22
17 23
17 24
17 25
17 26
17 27
17 28
17 29
17 30
17 33
17 34
17 35
17 36
17 37
17 40
17 41
17 42
17 44
17 46
17 48
17 50
17 52
17 54
17 57
17 58
17 59
17 63
17 64
17 65
17 69
17 77
17 80
17 85
17 89
17 91
17 92
17 96
17 98
17 99
17 100
18 19
18 20
18 22
18 23
18 33
18 34
18 35
18 36
18 39
18 40
18 42
18 43
18 46
18 47
18 49
18 50
18 51
18 52
18 54
18 55
18 57
18 58
18 60
18 64
18 66
18 69
18 71
18 72
18 73
18 77
18 78
18 82
18 83
18 84
18 87
18 91
18 94
18 95
18 98
19 20
19 21
19 22
19 23
19 24
19 25
19 26
19 27
19 28
19 29
19 30
19 31
19 33
19 35
19 36
19 38
19 39
19 42
19 46
19 49
19 51
19 52
19 56
19 57
19 58
19 61
19 63
19 67
19 69
19 70
19 72
19 74
19 75
19 76
19 79
19 80
19 85
19 86
19 91
19 92
19 95
19 96
19 98
19 99
19 100
20 25
20 27
20 28
20 33
20 34
20 35
20 38
20 41
20 42
20 45
20 46
20 47
20 48
20 54
20 55
20 56
20 57
20 60
20 61
20 62
20 63
20 69
20 72
20 75
20 76
20 79
20 82
20 83
20 84
20 88
20 90
20 92
20 95
20 98
21 24
21 26
21 28
21 29
21 32
21 36
21 41
21 42
21 45
21 48
21 49
21 50
21 51
21 52
21 53
21 54
21 56
21 59
21 60
21 62
21 63
21 65
21 66
21 72
21 73
21 75
21 77
21 78
21 79
21 81
21 83
21 85
21 86
21 89
21 90
21 91
21 92
21 95
21 98
22 23
22 25
22 30
22 32
22 33
22 34
22 35
22 37
22 38
22 39
22 40
22 41
22 45
22 46
22 47
22 48
22 49
22 50
22 52
22 53
22 55
22 58
22 60
22 61
22 65
22 67
22 68
22 69
22 73
22 74
22 78
22 79
22 80
22 84
22 86
22 87
22 91
22 92
22 98
22 99
22 100
23 24
23 25
23 26
23 29
23 30
23 32
23 34
23 35
23 37
23 38
23 42
23 43
23 47
23 50
23 52
23 54
23 55
23 56
23 58
23 63
23 64
23 67
23 68
23 69
23 73
23 74
23 76
23 77
23 78
23 83
23 94
23 95
23 98
23 100
24 25
24 27
24 29
24 31
24 33
24 34
24 46
24 47
24 48
24 51
24 53
24 54
24 57
24 58
24 61
24 63
24 64
24 65
24 66
24 67
24 68
24 69
24 70
24 71
24 77
24 78
24 79
24 80
24 82
24 84
24 89
24 92
24 94
24 97
24 98
24 99
25 27
25 30
25 31
25 32
25 36
25 38
25 39
25 42
25 45
25 49
25 52
25 53
25 54
25 56
25 57
25 58
25 62
25 63
25 65
25 66
25 69
25 70
25 72
25 73
25 75
25 78
25 80
25 81
25 85
25 86
25 92
25 93
25 94
25 95
25 97
25 98
26 27
26 29
26 34
26 35
26 38
26 40
26 41
26 42
26 44
26 45
26 47
26 49
26 51
26 52
26 53
26 56
26 58
26 60
26 61
26 63
26 64
26 65
26 66
26 67
26 70
26 71
26 72
26 74
26 75
26 77
26 80
26 81
26 82
26 87
26 90
26 92
26 94
26 95
26 96
26 99
27 32
27 33
27 35
27 36
27 48
27 51
27 53
27 54
27 56
27 58
27 59
27 60
27 61
27 66
27 67
27 68
27 69
27 71
27 72
27 74
27 77
27 82
27 84
27 87
27 88
27 89
27 96
27 100
28 30
28 31
28 34
28 35
28 36
28 37
28 38
28 39
28 42
28 43
28 44
28 48
28 49
28 52
28 61
28 62
28 63
28 64
28 67
28 68
28 69
28 71
28 72
28 74
28 77
28 79
28 82
28 84
28 87
28 89
28 90
28 91
28 98
28 100
29 30
29 31
29 33
29 35
29 36
29 38
29 39
29 44
29 46
29 48
29 56
29 58
29 59
29 60
29 61
29 63
29 65
29 68
29 70
29 71
29 73
29 75
29 77
29 78
29 79
29 80
29 81
29 82
29 83
29 85
29 87
29 88
29 89
29 94
29 95
29 96
29 98
30 34
30 36
30 37
30 38
30 43
30 44
30 47
30 48
30 49
30 50
30 51
30 52
30 53
30 54
30 55
30 57
30 58
30 59
30 60
30 61
30 62
30 63
30 64
30 65
30 66
30 71
30 77
30 78
30 79
30 86
30 88
30 92
30 93
30 97
30 99
31 35
31 38
31 39
31 41
31 44
31 47
31 48
31 49
31 51
31 52
31 53
31 56
31 58
31 65
31 66
31 68
31 69
31 71
31 75
31 78
31 79
31 80
31 81
31 86
31 87
31 96
31 99
31 100
32 35
32 40
32 41
32 42
32 44
32 45
32 46
32 47
32 48
32 50
32 51
32 53
32 54
32 56
32 59
32 63
32 64
32 67
32 68
32 73
32 75
32 76
32 77
32 80
32 81
32 83
32 85
32 86
32 88
32 89
32 90
32 91
32 93
32 95
32 96
32 100
33 36
33 38
33 40
33 43
33 46
33 47
33 49
33 50
33 54
33 59
33 61
33 66
33 67
33 70
33 71
33 73
33 74
33 76
33 80
33 81
33 84
33 90
33 92
33 93
33 94
33 95
34 35
34 38
34 39
34 40
34 42
34 43
34 45
34 47
34 48
34 49
34 50
34 51
34 52
34 53
34 54
34 55
34 57
34 59
34 62
34 63
34 64
34 65
34 67
34 68
34 69
34 73
34 74
34 77
34 78
34 79
34 80
34 86
34 88
34 90
34 91
34 95
34 96
34 97
35 37
35 41
35 46
35 47
35 49
35 50
35 52
35 53
35 54
35 55
35 57
35 58
35 60
35 61
35 62
35 64
35 65
35 66
35 69
35 71
35 74
35 75
35 79
35 80
35 81
35 82
35 85
35 86
35 89
35 91
35 93
35 95
35 97
35 98
35 99
36 37
36 39
36 41
36 44
36 46
36 48
36 49
36 50
36 51
36 54
36 56
36 57
36 58
36 59
36 61
36 62
36 66
36 67
36 69
36 75
36 79
36 80
36 81
36 83
36 84
36 85
36 86
36 87
36 93
36 98
36 100
37 38
37 41
37 43
37 44
37 46
37 48
37 53
37 54
37 55
37 56
37 58
37 59
37 61
37 64
37 67
37 68
37 69
37 70
37 71
37 72
37 73
37 74
37 78
37 79
37 80
37 81
37 83
37 84
37 85
37 88
37 89
37 91
37 95
37 99
37 100
38 39
38 40
38 42
38 44
38 45
38 49
38 50
38 56
38 57
38 59
38 60
38 62
38 63
38 65
38 66
38 71
38 72
38 73
38 74
38 80
38 81
38 82
38 85
38 87
38 91
38 92
38 93
38 95
38 97
38 98
39 40
39 42
39 44
39 45
39 47
39 48
39 49
39 50
39 53
39 55
39 56
39 57
39 58
39 60
39 61
39 62
39 64
39 67
39 68
39 69
39 70
39 71
39 72
39 74
39 76
39 80
39 81
39 83
39 85
39 87
39 89
39 90
39 97
39 98
40 42
40 43
40 46
40 47
40 49
40 50
40 51
40 53
40 59
40 61
40 62
40 65
40 69
40 72
40 73
40 74
40 75
40 77
40 81
40 83
40 84
40 86
40 87
40 88
40 89
40 91
40 92
40 93
40 94
40 95
40 96
40 98
40 99
40 100
41 44
41 45
41 46
41 48
41 50
41 52
41 56
41 58
41 59
41 60
41 61
41 62
41 65
41 67
41 71
41 72
41 74
41 77
41 78
41 79
41 80
41 82
41 85
41 90
41 91
41 92
41 95
41 96
41 99
42 44
42 45
42 46
42 49
42 50
42 51
42 53
42 54
42 56
42 57
42 58
42 60
42 61
42 64
42 65
42 66
42 67
42 70
42 73
42 75
42 77
42 78
42 81
42 82
42 83
42 86
42 87
42 90
42 91
42 93
42 95
42 97
42 100
43 44
43 46
43 48
43 53
43 54
43 55
43 58
43 59
43 60
43 62
43 63
43 66
43 67
43 71
43 74
43 75
43 76
43 78
43 80
43 83
43 84
43 85
43 87
43 88
43 89
43 92
43 93
43 95
43 97
43 98
44 45
44 48
44 49
44 52
44 53
44 56
44 57
44 58
44 61
44 70
44 76
44 79
44 80
44 82
44 83
44 86
44 87
44 88
44 89
44 91
44 94
44 95
44 98
45 49
45 50
45 53
45 54
45 55
45 56
45 57
45 58
45 60
45 61
45 62
45 63
45 66
45 67
45 68
45 69
45 70
45 72
45 73
45 74
45 76
45 77
45 81
45 83
45 84
45 85
45 88
45 89
45 93
45 94
45 99
45 100
46 47
46 48
46 49
46 52
46 53
46 54
46 55
46 56
46 58
46 60
46 62
46 63
46 66
46 68
46 69
46 70
46 73
46 74
46 78
46 79
46 80
46 81
46 82
46 85
46 88
46 89
46 92
46 93
46 94
46 95
46 98
46 99
47 49
47 55
47 56
47 60
47 61
47 64
47 66
47 69
47 70
47 72
47 75
47 76
47 77
47 78
47 79
47 81
47 82
47 83
47 84
47 91
47 92
47 93
47 96
47 97
47 100
48 49
48 52
48 54
48 56
48 57
48 59
48 61
48 64
48 67
48 68
48 69
48 70
48 73
48 74
48 75
48 77
48 78
48 79
48 80
48 81
48 82
48 84
48 85
48 86
48 89
48 96
48 97
48 98
49 53
49 54
49 55
49 57
49 58
49 59
49 62
49 66
49 72
49 73
49 74
49 75
49 81
49 86
49 88
49 91
49 92
49 93
49 94
49 95
49 96
49 97
49 98
49 99
49 100
50 52
50 54
50 56
50 57
50 60
50 62
50 63
50 65
50 66
50 72
50 73
50 74
50 75
50 80
50 81
50 85
50 86
50 87
50 89
50 90
50 91
51 52
51 56
51 57
51 58
51 59
51 60
51 61
51 64
51 68
51 71
51 72
51 73
51 74
51 76
51 77
51 79
51 83
51 86
51 87
51 88
51 92
51 97
51 100
52 54
52 56
52 59
52 60
52 63
52 70
52 71
52 73
52 74
52 76
52 80
52 81
52 84
52 85
52 87
52 88
52 89
52 92
52 96
52 99
53 55
53 56
53 57
53 59
53 60
53 62
53 63
53 64
53 66
53 67
53 71
53 72
53 73
53 74
53 75
53 77
53 78
53 82
53 85
53 86
53 87
53 89
53 91
53 95
53 97
53 98
53 100
54 55
54 56
54 63
54 64
54 66
54 70
54 71
54 72
54 73
54 74
54 76
54 77
54 79
54 82
54 83
54 84
54 88
54 90
54 91
54 92
54 93
54 96
55 56
55 57
55 58
55 61
55 62
55 63
55 64
55 65
55 69
55 70
55 73
55 74
55 78
55 79
55 80
55 81
55 82
55 83
55 84
55 85
55 86
55 90
55 91
55 95
55 96
55 98
55 99
56 61
56 67
56 68
56 69
56 71
56 73
56 74
56 76
56 78
56 79
56 80
56 82
56 88
56 91
56 92
56 93
56 94
56 95
56 96
56 97
57 59
57 61
57 62
57 63
57 64
57 65
57 70
57 71
57 72
57 74
57 75
57 76
57 77
57 81
57 82
57 85
57 88
57 89
57 93
57 94
57 95
57 97
57 99
58 59
58 61
58 62
58 63
58 70
58 73
58 74
58 75
58 82
58 83
58 85
58 86
58 89
58 90
58 93
58 94
58 96
58 97
58 98
59 64
59 65
59 67
59 68
59 72
59 73
59 78
59 79
59 80
59 81
59 82
59 84
59 88
59 91
59 93
59 94
59 95
59 97
59 100
60 66
60 71
60 72
60 73
60 76
60 78
60 81
60 85
60 86
60 87
60 88
60 89
60 90
60 93
60 94
60 96
60 99
61 64
61 68
61 70
61 76
61 77
61 78
61 81
61 82
61 83
61 84
61 87
61 88
61 90
61 95
61 97
61 98
61 99
61 100
62 64
62 66
62 67
62 70
62 73
62 74
62 75
62 78
62 80
62 90
62 91
62 93
62 95
62 96
62 97
62 98
62 99
62 100
63 65
63 66
63 67
63 72
63 74
63 75
63 76
63 78
63 79
63 81
63 82
63 83
63 84
63 85
63 86
63 88
63 90
63 92
63 94
63 95
63 98
64 65
64 66
64 67
64 68
64 73
64 75
64 77
64 79
64 81
64 82
64 83
64 84
64 86
64 87
64 88
64 91
64 93
64 94
64 98
64 100
65 66
65 68
65 72
65 77
65 80
65 82
65 84
65 91
65 96
65 98
65 99
66 67
66 68
66 69
66 70
66 74
66 79
66 82
66 83
66 86
66 88
66 89
66 90
66 91
66 94
66 95
66 96
66 99
66 100
67 69
67 70
67 73
67 75
67 77
67 78
67 80
67 83
67 84
67 85
67 87
67 89
67 90
67 92
67 95
67 97
68 72
68 74
68 75
68 77
68 78
68 79
68 80
68 83
68 84
68 87
68 88
68 89
68 90
68 92
68 93
68 94
68 95
69 71
69 72
69 73
69 75
69 76
69 77
69 80
69 84
69 88
69 89
69 93
69 94
69 95
69 97
69 98
69 100
70 72
70 73
70 74
70 78
70 82
70 88
70 89
70 90
70 91
70 92
70 93
70 95
70 96
70 100
71 75
71 76
71 78
71 79
71 81
71 82
71 85
71 86
71 87
71 88
71 89
71 91
71 92
71 93
71 96
71 97
71 98
72 74
72 77
72 78
72 82
72 84
72 85
72 89
72 90
72 92
72 93
72 94
72 97
72 99
72 100
73 75
73 76
73 79
73 88
73 89
73 91
73 92
73 95
73 96
73 97
73 99
73 100
74 76
74 77
74 78
74 79
74 82
74 83
74 84
74 86
74 87
74 89
74 90
74 92
74 94
74 95
74 97
74 98
75 78
75 79
75 80
75 81
75 82
75 86
75 90
75 92
75 96
75 97
75 98
75 99
76 78
76 79
76 85
76 87
76 89
76 92
76 93
76 95
76 96
76 97
76 98
76 100
77 81
77 82
77 83
77 84
77 85
77 86
77 87
77 88
77 89
77 90
77 92
77 97
78 79
78 83
78 84
78 87
78 91
78 92
78 94
78 96
78 98
79 83
79 85
79 86
79 89
79 92
79 93
79 94
79 96
79 97
79 99
79 100
80 83
80 84
80 85
80 87
80 91
80 97
81 85
81 86
81 91
81 95
81 96
81 97
81 99
81 100
82 84
82 86
82 87
82 89
82 90
82 93
82 96
82 99
83 85
83 86
83 88
83 89
83 91
83 92
83 93
83 94
83 97
83 98
83 99
84 86
84 89
84 91
84 94
84 98
84 99
84 100
85 87
85 88
85 89
85 90
85 94
85 98
85 99
85 100
86 88
86 89
86 92
86 93
86 95
86 97
87 88
87 92
87 93
87 94
87 95
87 97
87 100
88 91
88 92
88 98
88 99
88 100
89 90
89 93
89 100
90 91
90 92
90 94
90 98
90 99
91 96
91 98
91 100
92 94
92 95
93 98
93 99
94 95
94 96
94 97
94 98
94 99
95 96
95 97
95 99
96 97
96 98
96 99
97 99
97 100
98 100
