100
1 2
1 6
1 8
1 10
1 11
1 12
1 17
1 19
1 23
1 26
1 27
1 28
1 32
1 35
1 37
1 38
1 39
1 40
1 46
1 48
1 49
1 51
1 52
1 55
1 58
1 59
1 61
1 62
1 63
1 64
1 65
1 67
1 68
1 69
1 72
1 74
1 80
1 82
1 86
1 87
1 95
1 96
1 98
2 3
2 4
2 5
2 8
2 13
2 16
2 17
2 22
2 25
2 30
2 31
2 33
2 34
2 35
2 37
2 38
2 40
2 41
2 47
2 48
2 51
2 53
2 58
2 63
2 64
2 65
2 67
2 70
2 71
2 72
2 73
2 74
2 77
2 78
2 79
2 80
2 81
2 82
2 83
2 85
2 88
2 89
2 90
2 92
2 93
2 94
2 97
2 98
2 100
3 4
3 5
3 6
3 8
3 9
3 16
3 17
3 20
3 21
3 22
3 25
3 26
3 27
3 29
3 30
3 32
3 33
3 34
3 39
3 40
3 41
3 44
3 48
3 51
3 52
3 53
3 54
3 55
3 56
3 57
3 59
3 61
3 62
3 63
3 65
3 66
3 67
3 68
3 71
3 72
3 74
3 77
3 80
3 82
3 83
3 84
3 88
3 89
3 93
3 94
3 95
3 97
3 100
4 6
4 8
4 11
4 12
4 14
4 18
4 19
4 20
4 24
4 27
4 28
4 32
4 36
4 37
4 40
4 42
4 45
4 48
4 50
4 53
4 54
4 55
4 56
4 57
4 59
4 60
4 61
4 62
4 64
4 65
4 71
4 74
4 76
4 77
4 80
4 82
4 83
4 84
4 87
4 88
4 89
4 91
4 93
4 94
4 95
5 7
5 8
5 11
5 12
5 13
5 16
5 18
5 20
5 21
5 22
5 27
5 29
5 30
5 31
5 32
5 33
5 34
5 35
5 36
5 47
5 49
5 50
5 51
5 61
5 63
5 65
5 66
5 67
5 68
5 69
5 78
5 80
5 82
5 83
5 84
5 85
5 86
5 87
5 89
5 94
5 96
5 99
6 8
6 11
6 14
6 15
6 18
6 19
6 20
6 22
6 25
6 28
6 32
6 33
6 34
6 35
6 37
6 38
6 39
6 40
6 41
6 43
6 44
6 45
6 47
6 48
6 49
6 53
6 54
6 57
6 59
6 60
6 64
6 65
6 66
6 70
6 71
6 72
6 76
6 78
6 79
6 80
6 82
6 83
6 84
6 86
6 88
6 89
6 90
6 91
6 92
6 93
6 94
6 95
6 97
6 98
6 100
7 9
7 10
7 12
7 13
7 15
7 16
7 17
7 18
7 19
7 23
7 27
7 29
7 30
7 31
7 32
7 36
7 38
7 39
7 43
7 46
7 47
7 48
7 51
7 56
7 57
7 59
7 61
7 63
7 64
7 66
7 68
7 69
7 70
7 71
7 72
7 73
7 75
7 76
7 77
7 80
7 84
7 88
7 90
7 92
7 93
7 94
7 97
7 99
8 11
8 12
8 14
8 15
8 17
8 18
8 19
8 21
8 22
8 23
8 26
8 27
8 30
8 32
8 33
8 35
8 37
8 40
8 42
8 44
8 46
8 47
8 49
8 54
8 61
8 63
8 65
8 66
8 69
8 71
8 74
8 75
8 77
8 85
8 86
8 88
8 89
8 90
8 91
8 93
8 94
8 95
8 98
8 100
9 11
9 12
9 14
9 19
9 21
9 22
9 24
9 25
9 26
9 30
9 32
9 34
9 36
9 37
9 38
9 39
9 41
9 42
9 44
9 49
9 50
9 55
9 56
9 58
9 63
9 64
9 65
9 66
9 69
9 70
9 77
9 81
9 84
9 85
9 86
9 87
9 88
9 89
9 90
9 91
9 92
9 93
9 94
9 100
10 15
10 17
10 20
10 22
10 26
10 27
10 28
10 32
10 34
10 37
10 38
10 39
10 40
10 42
10 45
10 46
10 49
10 52
10 53
10 55
10 57
10 59
10 60
10 61
10 64
10 65
10 66
10 67
10 68
10 73
10 75
10 76
10 77
10 78
10 79
10 82
10 83
10 84
10 85
10 87
10 89
10 90
10 91
10 93
10 95
10 97
10 99
10 100
11 12
11 14
11 18
11 21
11 26
11 29
11 31
11 34
11 35
11 38
11 39
11 40
11 41
11 44
11 45
11 47
11 50
11 52
11 55
11 57
11 58
11 65
11 66
11 69
11 70
11 71
11 73
11 74
11 75
11 77
11 80
11 89
11 92
11 94
11 95
11 98
11 100
12 14
12 15
12 16
12 20
12 21
12 23
12 24
12 25
12 26
12 27
12 28
12 29
12 30
12 31
12 32
12 33
12 37
12 40
12 41
12 43
12 45
12 47
12 48
12 49
12 50
12 54
12 55
12 56
12 57
12 61
12 63
12 68
12 72
12 74
12 75
12 76
12 78
12 80
12 82
12 83
12 87
12 88
12 92
12 94
12 95
12 97
12 99
12 100
13 15
13 16
13 17
13 18
13 21
13 22
13 23
13 27
13 30
13 33
13 38
13 39
13 41
13 42
13 43
13 47
13 48
13 49
13 51
13 53
13 56
13 58
13 60
13 63
13 64
13 66
13 67
13 70
13 72
13 74
13 77
13 78
13 79
13 80
13 81
13 82
13 83
13 84
13 85
13 89
13 91
13 95
13 97
13 98
13 100
14 17
14 19
14 20
14 21
14 22
14 27
14 28
14 29
14 30
14 31
14 32
14 33
14 34
14 37
14 41
14 42
14 43
14 44
14 46
14 48
14 50
14 52
14 54
14 55
14 57
14 58
14 62
14 63
14 64
14 66
14 67
14 68
14 70
14 72
14 74
14 77
14 80
14 85
14 86
14 87
14 90
14 95
14 96
14 97
14 100
15 16
15 19
15 21
15 23
15 24
15 27
15 32
15 33
15 37
15 40
15 42
15 50
15 52
15 53
15 54
15 55
15 56
15 57
15 60
15 63
15 64
15 66
15 67
15 68
15 69
15 72
15 73
15 74
15 76
15 77
15 80
15 81
15 83
15 84
15 88
15 91
15 92
15 96
15 97
16 18
16 20
16 23
16 24
16 26
16 28
16 29
16 30
16 32
16 33
16 34
16 35
16 37
16 39
16 42
16 43
16 44
16 45
16 46
16 47
16 48
16 50
16 51
16 53
16 55
16 56
16 57
16 59
16 61
16 62
16 64
16 66
16 67
16 69
16 72
16 73
16 74
16 76
16 78
16 80
16 81
16 82
16 83
16 85
16 86
16 89
16 90
16 91
16 94
16 95
16 96
16 99
16 100
17 19
17 24
17 26
17 27
17 28
17 30
17 31
17 32
17 35
17 36
17 37
17 40
17 42
17 43
17 44
17 45
17 46
17 50
17 53
17 55
17 57
17 59
17 61
17 63
17 67
17 68
17 70
17 71
17 76
17 77
17 79
17 80
17 82
17 83
17 84
17 85
17 87
17 89
17 90
17 93
17 94
17 97
17 98
17 99
17 100
18 25
18 29
18 31
18 32
18 35
18 36
18 37
18 40
18 41
18 43
18 44
18 47
18 48
18 50
18 56
18 61
18 62
18 63
18 64
18 68
18 69
18 70
18 73
18 74
18 75
18 76
18 85
18 87
18 88
18 90
18 91
18 92
18 93
18 96
18 97
18 98
19 23
19 25
19 32
19 37
19 38
19 40
19 41
19 44
19 46
19 48
19 49
19 51
19 52
19 55
19 58
19 60
19 61
19 64
19 67
19 68
19 69
19 77
19 81
19 82
19 84
19 86
19 87
19 89
19 90
19 91
19 93
19 94
19 96
19 97
19 98
19 99
19 100
20 21
20 22
20 23
20 24
20 26
20 28
20 32
20 33
20 36
20 37
20 41
20 42
20 43
20 44
20 45
20 46
20 50
20 51
20 53
20 54
20 55
20 56
20 58
20 61
20 63
20 64
20 72
20 74
20 76
20 78
20 79
20 80
20 82
20 83
20 84
20 90
20 91
20 92
20 93
20 98
21 22
21 25
21 30
21 32
21 34
21 36
21 37
21 38
21 40
21 41
21 42
21 46
21 47
21 49
21 53
21 54
21 56
21 57
21 59
21 60
21 62
21 63
21 66
21 67
21 68
21 70
21 71
21 72
21 74
21 76
21 78
21 79
21 81
21 85
21 87
21 90
21 91
21 96
22 23
22 24
22 27
22 29
22 30
22 31
22 33
22 36
22 38
22 39
22 41
22 43
22 44
22 46
22 47
22 48
22 50
22 51
22 52
22 58
22 60
22 61
22 62
22 65
22 68
22 70
22 71
22 72
22 73
22 79
22 81
22 83
22 84
22 87
22 88
22 89
22 90
22 95
22 96
22 97
22 98
22 99
22 100
23 28
23 29
23 31
23 32
23 33
23 34
23 36
23 37
23 39
23 40
23 41
23 44
23 45
23 46
23 47
23 48
23 50
23 52
23 54
23 55
23 58
23 59
23 60
23 61
23 67
23 68
23 70
23 73
23 75
23 77
23 80
23 81
23 84
23 89
23 90
23 91
23 92
23 94
23 95
23 97
23 98
23 99
24 26
24 28
24 29
24 30
24 32
24 33
24 36
24 38
24 41
24 46
24 47
24 50
24 54
24 59
24 60
24 61
24 62
24 65
24 66
24 67
24 72
24 74
24 75
24 78
24 80
24 83
24 85
24 86
24 88
24 89
24 90
24 91
24 93
24 94
25 27
25 28
25 31
25 32
25 35
25 36
25 41
25 42
25 44
25 46
25 50
25 51
25 52
25 54
25 55
25 57
25 60
25 62
25 64
25 65
25 68
25 70
25 71
25 72
25 74
25 76
25 79
25 80
25 85
25 86
25 93
25 95
25 99
26 27
26 30
26 31
26 35
26 37
26 38
26 40
26 41
26 44
26 49
26 50
26 51
26 54
26 56
26 58
26 61
26 62
26 64
26 65
26 66
26 67
26 71
26 72
26 75
26 78
26 79
26 80
26 85
26 88
26 91
26 92
26 93
26 96
26 97
26 99
27 29
27 30
27 32
27 35
27 36
27 37
27 38
27 40
27 41
27 43
27 44
27 47
27 53
27 54
27 55
27 56
27 58
27 59
27 60
27 61
27 62
27 64
27 65
27 67
27 68
27 69
27 70
27 73
27 74
27 75
27 78
27 81
27 85
27 86
27 87
27 89
27 91
27 93
27 95
27 96
27 100
28 29
28 31
28 32
28 35
28 37
28 38
28 40
28 43
28 44
28 45
28 46
28 47
28 49
28 50
28 52
28 53
28 56
28 62
28 63
28 65
28 68
28 69
28 72
28 74
28 75
28 81
28 82
28 83
28 85
28 86
28 87
28 88
28 89
28 90
28 91
28 92
28 99
29 30
29 31
29 32
29 33
29 36
29 37
29 38
29 40
29 42
29 44
29 46
29 48
29 51
29 52
29 54
29 55
29 59
29 61
29 63
29 65
29 69
29 71
29 72
29 73
29 74
29 76
29 78
29 81
29 82
29 83
29 84
29 85
29 86
29 88
29 89
29 90
29 91
29 96
29 99
29 100
30 33
30 34
30 35
30 36
30 38
30 40
30 41
30 42
30 45
30 46
30 47
30 48
30 52
30 56
30 57
30 59
30 64
30 65
30 66
30 70
30 71
30 72
30 74
30 76
30 77
30 78
30 80
30 82
30 83
30 85
30 86
30 87
30 88
30 89
30 90
30 91
30 92
30 93
30 97
30 98
31 33
31 34
31 36
31 37
31 40
31 42
31 43
31 44
31 46
31 47
31 48
31 49
31 51
31 53
31 55
31 56
31 57
31 58
31 59
31 62
31 64
31 71
31 72
31 77
31 78
31 81
31 82
31 84
31 85
31 86
31 89
31 90
31 92
31 96
31 97
31 98
31 99
31 100
32 33
32 36
32 38
32 40
32 45
32 47
32 50
32 51
32 52
32 53
32 54
32 56
32 60
32 61
32 62
32 64
32 65
32 66
32 68
32 71
32 74
32 76
32 77
32 78
32 80
32 81
32 82
32 87
32 89
32 91
32 93
32 95
32 96
32 97
32 100
33 35
33 36
33 37
33 42
33 44
33 46
33 53
33 57
33 59
33 61
33 62
33 63
33 67
33 68
33 69
33 70
33 71
33 72
33 73
33 76
33 77
33 80
33 81
33 88
33 92
33 93
33 94
33 95
33 96
33 97
34 37
34 38
34 42
34 45
34 46
34 48
34 51
34 54
34 59
34 60
34 61
34 63
34 65
34 66
34 72
34 73
34 74
34 75
34 79
34 83
34 85
34 86
34 88
34 89
34 90
34 92
34 95
34 96
34 97
34 98
34 99
35 36
35 38
35 40
35 42
35 43
35 47
35 48
35 49
35 50
35 56
35 58
35 59
35 64
35 69
35 71
35 72
35 73
35 78
35 79
35 80
35 82
35 85
35 89
35 90
35 92
35 100
36 38
36 39
36 41
36 42
36 46
36 47
36 50
36 51
36 53
36 54
36 59
36 61
36 62
36 64
36 65
36 67
36 69
36 72
36 73
36 75
36 76
36 77
36 79
36 80
36 83
36 84
36 85
36 86
36 90
36 92
36 93
36 94
36 97
36 98
36 100
37 38
37 43
37 44
37 45
37 46
37 47
37 48
37 49
37 50
37 52
37 53
37 55
37 56
37 59
37 60
37 61
37 63
37 66
37 68
37 70
37 71
37 72
37 73
37 76
37 77
37 78
37 80
37 81
37 86
37 87
37 89
37 91
37 92
37 93
37 94
37 95
37 96
37 98
38 40
38 41
38 43
38 45
38 47
38 48
38 49
38 51
38 52
38 56
38 61
38 62
38 63
38 66
38 67
38 69
38 71
38 72
38 75
38 76
38 81
38 82
38 83
38 84
38 85
38 87
38 90
38 92
38 94
38 95
38 100
39 41
39 44
39 45
39 46
39 47
39 49
39 50
39 51
39 52
39 53
39 56
39 57
39 59
39 64
39 65
39 67
39 68
39 70
39 72
39 73
39 76
39 79
39 80
39 81
39 86
39 87
39 89
39 94
39 95
39 96
39 97
39 98
39 99
40 42
40 43
40 44
40 45
40 48
40 50
40 51
40 52
40 53
40 54
40 58
40 65
40 66
40 68
40 70
40 71
40 76
40 79
40 84
40 85
40 87
40 89
40 90
40 92
40 96
40 97
41 42
41 43
41 45
41 50
41 51
41 52
41 53
41 54
41 55
41 57
41 58
41 60
41 62
41 63
41 65
41 66
41 68
41 71
41 73
41 74
41 75
41 77
41 78
41 80
41 84
41 85
41 86
41 91
41 92
41 93
41 95
41 96
41 97
41 98
42 43
42 44
42 48
42 50
42 51
42 53
42 54
42 56
42 57
42 59
42 60
42 62
42 63
42 68
42 69
42 72
42 74
42 75
42 77
42 78
42 80
42 81
42 82
42 87
42 88
42 92
42 94
42 95
42 98
42 100
43 44
43 46
43 47
43 51
43 52
43 54
43 56
43 57
43 59
43 60
43 62
43 65
43 66
43 68
43 70
43 71
43 72
43 73
43 75
43 76
43 77
43 79
43 80
43 82
43 83
43 86
43 87
43 88
43 90
43 96
43 97
43 98
43 100
44 46
44 47
44 48
44 52
44 55
44 56
44 57
44 59
44 60
44 61
44 62
44 64
44 67
44 69
44 71
44 73
44 76
44 77
44 78
44 80
44 81
44 83
44 84
44 88
44 92
44 93
44 95
44 96
44 97
44 99
45 49
45 54
45 56
45 58
45 61
45 64
45 67
45 69
45 71
45 73
45 74
45 75
45 76
45 79
45 80
45 85
45 89
45 92
45 93
45 96
45 97
45 98
45 99
46 47
46 49
46 53
46 56
46 57
46 58
46 59
46 60
46 61
46 64
46 66
46 70
46 71
46 78
46 80
46 84
46 89
46 90
46 91
46 92
46 94
46 97
46 99
46 100
47 48
47 56
47 59
47 60
47 62
47 63
47 65
47 66
47 68
47 69
47 70
47 71
47 73
47 74
47 75
47 78
47 79
47 81
47 82
47 84
47 85
47 86
47 89
47 91
47 92
47 93
47 95
47 98
47 99
47 100
48 51
48 54
48 58
48 59
48 60
48 61
48 62
48 68
48 70
48 72
48 77
48 78
48 79
48 85
48 88
48 89
48 90
48 93
48 95
48 96
48 97
48 98
48 99
48 100
49 50
49 51
49 52
49 53
49 54
49 55
49 56
49 57
49 60
49 63
49 66
49 67
49 68
49 72
49 73
49 76
49 77
49 78
49 80
49 82
49 84
49 85
49 86
49 89
49 91
49 93
49 96
49 97
49 98
49 100
50 54
50 55
50 61
50 64
50 66
50 69
50 71
50 77
50 78
50 80
50 84
50 85
50 86
50 87
50 89
50 90
50 92
50 97
50 98
51 52
51 53
51 55
51 56
51 58
51 60
51 61
51 64
51 66
51 67
51 68
51 70
51 73
51 74
51 79
51 80
51 86
51 87
51 88
51 95
51 97
51 99
52 53
52 54
52 56
52 57
52 59
52 60
52 68
52 69
52 72
52 75
52 77
52 78
52 81
52 82
52 84
52 88
52 90
52 93
52 95
52 98
52 99
52 100
53 54
53 55
53 56
53 57
53 58
53 60
53 62
53 63
53 64
53 65
53 67
53 69
53 74
53 75
53 76
53 78
53 82
53 83
53 84
53 85
53 90
53 94
53 95
53 96
53 98
53 99
53 100
54 55
54 56
54 57
54 58
54 62
54 65
54 68
54 69
54 70
54 71
54 73
54 74
54 75
54 76
54 78
54 79
54 80
54 81
54 82
54 86
54 88
54 89
54 92
54 93
54 96
54 100
55 56
55 57
55 58
55 60
55 63
55 65
55 67
55 69
55 70
55 73
55 74
55 75
55 77
55 78
55 79
55 80
55 81
55 83
55 84
55 86
55 91
55 92
55 95
55 96
55 99
55 100
56 57
56 58
56 60
56 61
56 62
56 63
56 68
56 69
56 70
56 72
56 75
56 76
56 77
56 80
56 82
56 83
56 84
56 85
56 91
56 92
56 95
56 97
56 98
57 58
57 60
57 61
57 62
57 63
57 66
57 68
57 70
57 72
57 74
57 75
57 76
57 77
57 82
57 83
57 86
57 90
57 91
57 92
57 99
58 61
58 63
58 65
58 71
58 72
58 73
58 74
58 76
58 77
58 83
58 86
58 89
58 93
58 94
58 97
58 98
58 100
59 60
59 61
59 65
59 67
59 68
59 71
59 72
59 73
59 74
59 75
59 78
59 79
59 81
59 82
59 83
59 85
59 87
59 93
59 99
59 100
60 62
60 64
60 66
60 67
60 69
60 71
60 73
60 75
60 79
60 80
60 81
60 82
60 83
60 85
60 86
60 89
60 90
60 91
60 92
60 94
60 96
60 98
60 99
60 100
61 62
61 66
61 67
61 68
61 69
61 70
61 74
61 75
61 78
61 83
61 88
61 89
61 91
61 93
61 94
61 98
61 99
62 63
62 64
62 66
62 71
62 73
62 74
62 77
62 78
62 79
62 84
62 86
62 87
62 88
62 89
62 90
62 93
62 94
62 95
62 97
62 98
62 100
63 65
63 66
63 67
63 70
63 72
63 75
63 78
63 79
63 80
63 83
63 84
63 86
63 87
63 89
63 90
63 91
63 93
63 97
63 98
63 100
64 65
64 68
64 73
64 74
64 76
64 77
64 78
64 80
64 82
64 83
64 84
64 88
64 91
64 95
64 96
64 100
65 68
65 69
65 70
65 71
65 77
65 79
65 86
65 87
65 89
65 90
65 96
65 98
65 100
66 69
66 70
66 72
66 73
66 74
66 75
66 82
66 83
66 84
66 85
66 87
66 88
66 90
66 91
66 92
66 94
66 100
67 68
67 69
67 70
67 74
67 77
67 78
67 84
67 85
67 86
67 87
67 89
67 95
67 96
67 97
68 69
68 70
68 74
68 76
68 78
68 81
68 83
68 85
68 86
68 89
68 91
68 95
68 96
68 98
68 99
69 74
69 77
69 78
69 80
69 83
69 85
69 89
69 91
69 92
69 93
69 94
69 97
69 100
70 73
70 74
70 75
70 77
70 79
70 80
70 81
70 83
70 88
70 91
70 92
70 93
70 97
70 100
71 72
71 74
71 75
71 76
71 78
71 82
71 83
71 87
71 88
71 91
71 93
71 94
71 97
71 99
71 100
72 75
72 77
72 80
72 81
72 83
72 84
72 90
72 91
72 92
72 93
72 94
72 95
72 98
72 100
73 74
73 75
73 76
73 77
73 78
73 84
73 85
73 90
73 92
73 93
73 94
73 98
73 100
74 75
74 76
74 77
74 78
74 79
74 80
74 86
74 90
74 91
74 92
74 93
74 94
74 98
74 99
74 100
75 80
75 82
75 84
75 86
75 87
75 88
75 90
75 91
75 92
75 93
75 95
75 97
75 99
76 78
76 79
76 81
76 84
76 89
76 91
76 95
76 97
76 99
77 81
77 82
77 85
77 86
77 87
77 88
77 90
77 91
77 92
77 93
77 94
77 95
77 97
77 99
77 100
78 83
78 85
78 87
78 88
78 96
78 97
78 100
79 83
79 85
79 86
79 87
79 89
79 90
79 92
79 93
79 94
79 96
79 99
80 83
80 89
80 90
80 92
80 93
80 95
80 96
80 97
80 99
80 100
81 85
81 86
81 87
81 89
81 90
81 91
81 92
81 93
81 94
81 97
81 98
82 84
82 86
82 90
82 93
82 94
82 96
82 97
82 98
83 84
83 85
83 86
83 87
83 89
83 91
83 92
83 95
83 100
84 86
84 87
84 89
84 90
84 91
84 95
84 96
84 99
84 100
85 86
85 88
85 92
85 99
85 100
86 87
86 90
86 91
86 94
86 98
87 89
87 94
87 95
87 97
87 98
88 90
88 91
88 92
88 94
88 96
88 99
88 100
89 91
89 92
89 93
89 94
90 92
90 93
90 95
90 96
90 97
90 98
90 99
91 95
91 97
91 98
92 95
92 96
92 99
93 95
94 96
94 97
94 98
95 96
95 99
95 100
96 97
96 100
98 99
98 100
