200
1 3
1 4
1 5
1 7
1 8
1 11
1 12
1 13
1 15
1 17
1 19
1 21
1 25
1 26
1 34
1 35
1 37
1 39
1 40
1 43
1 48
1 50
1 56
1 57
1 59
1 60
1 61
1 62
1 64
1 66
1 67
1 71
1 73
1 76
1 77
1 79
1 80
1 82
1 83
1 85
1 87
1 91
1 92
1 93
1 94
1 95
1 96
1 97
1 99
1 100
1 101
1 102
1 103
1 105
1 107
1 113
1 114
1 117
1 118
1 121
1 123
1 125
1 129
1 130
1 131
1 134
1 137
1 138
1 140
1 144
1 148
1 151
1 152
1 154
1 157
1 161
1 165
1 171
1 173
1 174
1 175
1 176
1 178
1 183
1 185
1 186
1 189
1 190
1 191
1 192
1 193
1 194
1 195
1 198
2 3
2 4
2 7
2 8
2 9
2 10
2 11
2 13
2 14
2 17
2 18
2 21
2 22
2 23
2 28
2 35
2 39
2 41
2 45
2 47
2 48
2 49
2 50
2 51
2 55
2 56
2 58
2 61
2 62
2 64
2 65
2 66
2 67
2 68
2 71
2 72
2 73
2 74
2 77
2 78
2 79
2 83
2 87
2 89
2 93
2 95
2 99
2 102
2 103
2 104
2 106
2 110
2 114
2 115
2 117
2 119
2 122
2 124
2 126
2 127
2 129
2 130
2 134
2 135
2 137
2 138
2 140
2 141
2 142
2 144
2 146
2 147
2 149
2 154
2 155
2 158
2 165
2 166
2 169
2 170
2 175
2 177
2 181
2 182
2 184
2 187
2 189
2 190
2 192
2 193
2 195
2 198
2 199
2 200
3 5
3 6
3 8
3 10
3 13
3 15
3 17
3 20
3 21
3 22
3 25
3 26
3 27
3 32
3 33
3 34
3 39
3 41
3 42
3 44
3 45
3 47
3 51
3 53
3 54
3 64
3 65
3 67
3 68
3 71
3 73
3 75
3 79
3 84
3 86
3 89
3 91
3 92
3 93
3 94
3 97
3 98
3 100
3 101
3 102
3 103
3 105
3 108
3 109
3 110
3 112
3 115
3 117
3 118
3 121
3 122
3 123
3 126
3 127
3 128
3 130
3 131
3 132
3 135
3 137
3 139
3 141
3 142
3 143
3 144
3 147
3 148
3 149
3 152
3 153
3 154
3 155
3 157
3 159
3 160
3 161
3 163
3 165
3 170
3 173
3 174
3 175
3 176
3 178
3 180
3 181
3 188
3 194
3 196
3 199
4 5
4 6
4 9
4 11
4 12
4 13
4 18
4 21
4 22
4 23
4 24
4 25
4 27
4 28
4 29
4 30
4 31
4 32
4 33
4 36
4 39
4 40
4 42
4 44
4 45
4 47
4 48
4 49
4 53
4 54
4 57
4 58
4 59
4 60
4 61
4 65
4 67
4 68
4 69
4 70
4 72
4 75
4 76
4 84
4 87
4 88
4 90
4 92
4 93
4 94
4 95
4 97
4 98
4 99
4 102
4 105
4 106
4 107
4 109
4 110
4 115
4 117
4 118
4 119
4 120
4 124
4 125
4 126
4 130
4 131
4 133
4 134
4 138
4 140
4 141
4 143
4 144
4 145
4 146
4 147
4 151
4 154
4 155
4 156
4 158
4 160
4 161
4 162
4 163
4 169
4 170
4 171
4 173
4 174
4 175
4 181
4 182
4 184
4 186
4 187
4 188
4 189
4 190
4 194
4 197
4 200
5 6
5 7
5 8
5 9
5 11
5 12
5 14
5 18
5 23
5 24
5 25
5 27
5 28
5 31
5 34
5 36
5 37
5 38
5 42
5 43
5 45
5 46
5 47
5 48
5 49
5 50
5 51
5 52
5 53
5 58
5 59
5 61
5 64
5 68
5 70
5 71
5 76
5 78
5 79
5 80
5 81
5 85
5 87
5 88
5 89
5 93
5 96
5 97
5 100
5 101
5 102
5 103
5 105
5 106
5 107
5 108
5 109
5 113
5 118
5 119
5 120
5 122
5 124
5 128
5 133
5 134
5 138
5 140
5 143
5 144
5 145
5 147
5 148
5 149
5 151
5 152
5 154
5 157
5 159
5 160
5 162
5 163
5 164
5 166
5 169
5 172
5 174
5 176
5 177
5 178
5 179
5 180
5 181
5 184
5 185
5 186
5 187
5 189
5 191
5 193
5 194
5 195
5 196
5 198
5 200
6 7
6 11
6 13
6 14
6 15
6 18
6 22
6 23
6 25
6 26
6 28
6 29
6 33
6 36
6 38
6 39
6 41
6 42
6 43
6 44
6 47
6 49
6 53
6 56
6 57
6 67
6 70
6 71
6 72
6 84
6 88
6 91
6 92
6 95
6 96
6 99
6 101
6 104
6 107
6 108
6 110
6 111
6 114
6 117
6 120
6 121
6 122
6 124
6 125
6 126
6 132
6 135
6 136
6 137
6 140
6 142
6 148
6 152
6 154
6 155
6 156
6 158
6 159
6 161
6 166
6 167
6 168
6 169
6 170
6 171
6 172
6 174
6 175
6 177
6 179
6 180
6 182
6 183
6 188
6 189
6 190
6 191
6 192
6 193
6 194
6 195
6 199
7 8
7 10
7 11
7 12
7 13
7 14
7 16
7 19
7 20
7 21
7 24
7 26
7 28
7 30
7 31
7 34
7 39
7 40
7 44
7 45
7 46
7 48
7 49
7 50
7 51
7 53
7 54
7 55
7 56
7 58
7 59
7 61
7 64
7 65
7 66
7 68
7 69
7 70
7 72
7 74
7 76
7 79
7 80
7 83
7 84
7 85
7 87
7 88
7 89
7 91
7 96
7 97
7 101
7 102
7 104
7 107
7 109
7 111
7 112
7 116
7 118
7 120
7 121
7 122
7 124
7 125
7 130
7 131
7 132
7 134
7 135
7 137
7 142
7 143
7 145
7 147
7 148
7 149
7 150
7 152
7 158
7 162
7 166
7 169
7 172
7 173
7 175
7 179
7 180
7 181
7 182
7 184
7 186
7 187
7 191
7 193
7 194
7 200
8 12
8 14
8 15
8 17
8 21
8 23
8 24
8 25
8 26
8 28
8 29
8 30
8 31
8 34
8 37
8 39
8 40
8 41
8 42
8 44
8 46
8 48
8 49
8 51
8 52
8 57
8 59
8 61
8 62
8 63
8 64
8 66
8 67
8 71
8 72
8 73
8 76
8 77
8 80
8 82
8 84
8 87
8 88
8 89
8 93
8 94
8 98
8 102
8 103
8 104
8 105
8 107
8 108
8 110
8 112
8 113
8 116
8 118
8 120
8 121
8 124
8 125
8 127
8 129
8 130
8 132
8 135
8 139
8 141
8 142
8 143
8 145
8 146
8 147
8 148
8 151
8 154
8 155
8 157
8 161
8 164
8 166
8 167
8 169
8 171
8 173
8 175
8 182
8 184
8 186
8 187
8 188
8 189
8 190
8 191
8 193
8 194
8 198
8 200
9 11
9 13
9 15
9 18
9 22
9 23
9 24
9 25
9 30
9 31
9 34
9 37
9 39
9 40
9 43
9 44
9 47
9 49
9 50
9 51
9 52
9 56
9 59
9 61
9 62
9 63
9 66
9 68
9 69
9 70
9 72
9 74
9 75
9 77
9 79
9 80
9 86
9 89
9 90
9 91
9 92
9 95
9 97
9 98
9 100
9 101
9 104
9 106
9 107
9 108
9 114
9 119
9 120
9 126
9 127
9 128
9 129
9 130
9 133
9 134
9 135
9 136
9 139
9 141
9 142
9 144
9 146
9 149
9 150
9 152
9 153
9 156
9 158
9 160
9 162
9 163
9 164
9 167
9 171
9 172
9 173
9 174
9 175
9 178
9 183
9 184
9 185
9 186
9 188
9 193
9 194
9 196
9 197
9 198
9 200
10 11
10 12
10 13
10 18
10 19
10 20
10 21
10 22
10 23
10 29
10 32
10 33
10 36
10 37
10 38
10 40
10 41
10 42
10 45
10 46
10 50
10 51
10 52
10 55
10 57
10 58
10 64
10 71
10 72
10 73
10 75
10 77
10 78
10 80
10 82
10 86
10 88
10 89
10 91
10 92
10 94
10 96
10 99
10 103
10 104
10 107
10 108
10 109
10 112
10 113
10 115
10 116
10 118
10 120
10 121
10 124
10 125
10 128
10 130
10 131
10 135
10 140
10 145
10 146
10 147
10 148
10 152
10 155
10 156
10 158
10 159
10 161
10 164
10 165
10 166
10 167
10 168
10 169
10 170
10 171
10 174
10 176
10 177
10 178
10 180
10 181
10 183
10 184
10 187
10 189
10 195
10 196
10 197
10 198
10 199
11 16
11 18
11 21
11 23
11 24
11 25
11 26
11 27
11 28
11 30
11 33
11 34
11 36
11 40
11 41
11 42
11 44
11 45
11 50
11 52
11 53
11 54
11 55
11 59
11 62
11 64
11 66
11 67
11 68
11 69
11 70
11 75
11 77
11 78
11 80
11 84
11 85
11 86
11 87
11 94
11 95
11 99
11 100
11 103
11 108
11 109
11 114
11 115
11 118
11 121
11 124
11 125
11 128
11 130
11 133
11 134
11 135
11 137
11 138
11 139
11 140
11 143
11 145
11 148
11 149
11 152
11 153
11 160
11 163
11 164
11 167
11 168
11 170
11 173
11 174
11 178
11 179
11 180
11 181
11 182
11 186
11 187
11 189
11 190
11 191
11 192
11 193
11 194
11 195
11 196
11 197
11 199
11 200
12 13
12 14
12 15
12 17
12 20
12 21
12 25
12 26
12 27
12 28
12 32
12 33
12 34
12 35
12 42
12 43
12 46
12 48
12 49
12 50
12 53
12 54
12 58
12 61
12 63
12 65
12 67
12 70
12 72
12 74
12 75
12 78
12 80
12 83
12 84
12 85
12 88
12 89
12 91
12 92
12 94
12 95
12 96
12 97
12 99
12 101
12 102
12 103
12 104
12 105
12 108
12 109
12 111
12 115
12 118
12 119
12 121
12 122
12 123
12 124
12 127
12 128
12 129
12 131
12 136
12 142
12 146
12 149
12 153
12 154
12 156
12 158
12 160
12 161
12 163
12 164
12 166
12 168
12 169
12 170
12 171
12 172
12 174
12 179
12 180
12 182
12 184
12 185
12 188
12 189
12 190
12 193
12 194
12 196
12 197
13 14
13 15
13 21
13 23
13 25
13 26
13 31
13 32
13 33
13 35
13 37
13 41
13 43
13 49
13 56
13 57
13 58
13 60
13 61
13 62
13 64
13 65
13 66
13 67
13 69
13 70
13 72
13 73
13 74
13 75
13 76
13 78
13 79
13 80
13 81
13 83
13 84
13 86
13 87
13 88
13 90
13 95
13 96
13 97
13 99
13 101
13 102
13 103
13 105
13 108
13 109
13 110
13 113
13 114
13 116
13 118
13 120
13 123
13 127
13 128
13 132
13 133
13 134
13 135
13 138
13 139
13 140
13 141
13 142
13 148
13 149
13 152
13 153
13 154
13 155
13 156
13 157
13 159
13 160
13 162
13 164
13 166
13 169
13 170
13 173
13 176
13 180
13 181
13 185
13 186
13 187
13 189
13 191
13 192
13 193
13 194
13 197
14 18
14 23
14 24
14 25
14 27
14 28
14 30
14 32
14 33
14 34
14 36
14 38
14 40
14 41
14 42
14 43
14 45
14 46
14 48
14 50
14 52
14 53
14 54
14 56
14 57
14 58
14 60
14 62
14 67
14 68
14 70
14 72
14 73
14 74
14 75
14 77
14 80
14 81
14 85
14 87
14 91
14 93
14 94
14 96
14 98
14 101
14 103
14 106
14 108
14 109
14 114
14 116
14 117
14 119
14 120
14 124
14 130
14 132
14 133
14 134
14 135
14 136
14 138
14 140
14 142
14 143
14 148
14 150
14 151
14 154
14 155
14 157
14 158
14 160
14 165
14 166
14 167
14 169
14 171
14 172
14 173
14 174
14 175
14 176
14 177
14 178
14 180
14 181
14 182
14 183
14 184
14 187
14 189
14 190
14 191
14 193
14 197
14 198
15 16
15 18
15 20
15 21
15 22
15 26
15 27
15 28
15 33
15 35
15 37
15 38
15 39
15 40
15 41
15 43
15 44
15 46
15 49
15 50
15 51
15 54
15 68
15 69
15 71
15 72
15 77
15 79
15 81
15 86
15 89
15 91
15 92
15 94
15 95
15 97
15 100
15 102
15 105
15 110
15 111
15 114
15 120
15 121
15 122
15 123
15 124
15 125
15 131
15 133
15 134
15 137
15 138
15 142
15 145
15 148
15 150
15 151
15 152
15 155
15 156
15 158
15 160
15 161
15 162
15 163
15 165
15 169
15 172
15 176
15 180
15 181
15 182
15 185
15 186
15 187
15 190
15 191
15 192
15 193
15 195
15 198
15 200
16 18
16 19
16 21
16 22
16 23
16 25
16 26
16 27
16 28
16 29
16 30
16 31
16 33
16 36
16 38
16 39
16 40
16 43
16 46
16 50
16 54
16 56
16 58
16 60
16 62
16 64
16 67
16 71
16 77
16 81
16 84
16 85
16 87
16 89
16 90
16 91
16 92
16 93
16 94
16 95
16 96
16 99
16 107
16 108
16 109
16 110
16 111
16 114
16 116
16 117
16 118
16 119
16 122
16 124
16 126
16 129
16 130
16 132
16 133
16 135
16 136
16 137
16 139
16 147
16 148
16 149
16 150
16 155
16 157
16 159
16 161
16 162
16 163
16 164
16 168
16 169
16 170
16 171
16 172
16 174
16 175
16 179
16 180
16 181
16 182
16 183
16 184
16 185
16 186
16 189
16 190
16 194
16 195
16 199
16 200
17 18
17 21
17 23
17 24
17 26
17 27
17 28
17 29
17 31
17 37
17 38
17 39
17 40
17 43
17 46
17 48
17 51
17 55
17 60
17 61
17 62
17 63
17 64
17 65
17 67
17 69
17 71
17 72
17 73
17 76
17 77
17 79
17 84
17 85
17 86
17 87
17 88
17 90
17 92
17 94
17 96
17 97
17 98
17 99
17 100
17 102
17 104
17 105
17 108
17 110
17 111
17 112
17 114
17 116
17 118
17 121
17 123
17 124
17 125
17 126
17 127
17 128
17 129
17 132
17 133
17 136
17 137
17 140
17 142
17 147
17 150
17 151
17 152
17 153
17 158
17 159
17 160
17 162
17 164
17 168
17 173
17 174
17 176
17 177
17 178
17 180
17 182
17 184
17 185
17 186
17 188
17 190
17 193
17 196
17 200
18 19
18 21
18 23
18 26
18 27
18 31
18 32
18 33
18 36
18 39
18 41
18 43
18 44
18 45
18 46
18 47
18 48
18 51
18 53
18 54
18 56
18 58
18 59
18 61
18 63
18 64
18 66
18 70
18 71
18 72
18 73
18 77
18 78
18 79
18 82
18 84
18 89
18 90
18 92
18 93
18 96
18 97
18 100
18 102
18 104
18 105
18 110
18 115
18 118
18 122
18 123
18 124
18 125
18 126
18 129
18 132
18 133
18 135
18 137
18 138
18 139
18 140
18 142
18 143
18 144
18 147
18 149
18 152
18 153
18 154
18 161
18 163
18 165
18 167
18 169
18 171
18 173
18 175
18 176
18 180
18 184
18 187
18 192
18 196
18 198
18 199
19 20
19 25
19 28
19 30
19 33
19 34
19 36
19 37
19 38
19 40
19 41
19 42
19 43
19 44
19 45
19 46
19 51
19 52
19 55
19 56
19 61
19 64
19 66
19 68
19 72
19 74
19 75
19 76
19 78
19 80
19 81
19 82
19 84
19 85
19 86
19 88
19 89
19 91
19 92
19 93
19 96
19 97
19 100
19 101
19 104
19 105
19 106
19 111
19 112
19 114
19 116
19 119
19 121
19 123
19 126
19 127
19 128
19 129
19 130
19 133
19 134
19 135
19 140
19 142
19 146
19 148
19 149
19 150
19 151
19 153
19 157
19 158
19 159
19 163
19 164
19 165
19 168
19 172
19 174
19 175
19 178
19 179
19 180
19 188
19 190
19 193
19 194
19 197
20 23
20 25
20 27
20 28
20 31
20 33
20 34
20 36
20 37
20 39
20 40
20 42
20 44
20 48
20 51
20 55
20 57
20 59
20 60
20 63
20 64
20 65
20 67
20 68
20 73
20 76
20 83
20 88
20 98
20 99
20 101
20 102
20 103
20 106
20 107
20 109
20 110
20 111
20 112
20 113
20 115
20 119
20 129
20 130
20 133
20 134
20 136
20 138
20 139
20 140
20 141
20 154
20 157
20 158
20 160
20 163
20 164
20 169
20 175
20 176
20 178
20 179
20 181
20 184
20 185
20 186
20 187
20 190
20 191
20 194
20 197
21 24
21 25
21 26
21 29
21 30
21 31
21 33
21 34
21 38
21 40
21 41
21 42
21 45
21 46
21 48
21 52
21 53
21 57
21 60
21 61
21 62
21 63
21 65
21 66
21 67
21 68
21 69
21 70
21 74
21 79
21 80
21 81
21 82
21 88
21 92
21 93
21 94
21 97
21 98
21 105
21 106
21 109
21 111
21 113
21 114
21 116
21 117
21 119
21 120
21 122
21 125
21 129
21 132
21 133
21 137
21 140
21 142
21 143
21 147
21 148
21 152
21 154
21 155
21 156
21 157
21 158
21 159
21 160
21 162
21 164
21 165
21 167
21 168
21 169
21 172
21 173
21 174
21 175
21 177
21 178
21 179
21 181
21 183
21 184
21 185
21 189
21 190
21 191
21 192
21 199
21 200
22 24
22 25
22 26
22 29
22 31
22 32
22 34
22 35
22 36
22 39
22 40
22 46
22 49
22 55
22 56
22 58
22 59
22 60
22 61
22 62
22 64
22 66
22 69
22 70
22 71
22 77
22 82
22 85
22 86
22 87
22 88
22 90
22 91
22 94
22 95
22 97
22 101
22 104
22 107
22 108
22 111
22 112
22 113
22 114
22 115
22 118
22 122
22 128
22 132
22 135
22 137
22 139
22 140
22 144
22 145
22 148
22 149
22 152
22 153
22 155
22 156
22 158
22 159
22 161
22 162
22 165
22 166
22 169
22 175
22 178
22 179
22 180
22 181
22 182
22 186
22 190
22 191
22 194
22 196
22 200
23 26
23 27
23 29
23 30
23 31
23 37
23 43
23 44
23 45
23 46
23 47
23 49
23 50
23 52
23 53
23 56
23 57
23 58
23 59
23 63
23 65
23 66
23 69
23 73
23 74
23 75
23 78
23 79
23 80
23 82
23 83
23 84
23 85
23 86
23 88
23 90
23 91
23 96
23 97
23 98
23 99
23 100
23 101
23 102
23 103
23 105
23 107
23 108
23 109
23 111
23 112
23 113
23 116
23 117
23 120
23 122
23 123
23 126
23 127
23 128
23 133
23 134
23 138
23 140
23 141
23 142
23 143
23 144
23 145
23 146
23 151
23 153
23 156
23 157
23 158
23 159
23 161
23 162
23 165
23 167
23 168
23 170
23 172
23 174
23 176
23 177
23 179
23 180
23 183
23 186
23 187
23 188
23 191
23 192
23 194
23 195
23 196
24 25
24 27
24 28
24 32
24 34
24 36
24 37
24 38
24 39
24 40
24 43
24 45
24 47
24 48
24 53
24 58
24 61
24 63
24 66
24 67
24 68
24 71
24 76
24 78
24 84
24 87
24 88
24 90
24 91
24 92
24 94
24 95
24 99
24 100
24 103
24 104
24 108
24 109
24 110
24 111
24 112
24 113
24 119
24 121
24 124
24 125
24 126
24 127
24 130
24 131
24 133
24 135
24 139
24 141
24 143
24 148
24 150
24 151
24 152
24 154
24 155
24 156
24 157
24 159
24 160
24 161
24 163
24 164
24 165
24 166
24 167
24 168
24 169
24 171
24 174
24 176
24 177
24 178
24 180
24 182
24 185
24 186
24 190
24 191
24 192
24 196
24 197
24 198
25 26
25 30
25 31
25 32
25 35
25 36
25 39
25 40
25 41
25 42
25 43
25 44
25 45
25 50
25 51
25 52
25 56
25 59
25 61
25 63
25 64
25 68
25 70
25 74
25 75
25 76
25 77
25 81
25 82
25 83
25 84
25 85
25 86
25 88
25 89
25 91
25 95
25 96
25 98
25 100
25 101
25 103
25 104
25 105
25 107
25 110
25 112
25 115
25 116
25 117
25 118
25 119
25 120
25 121
25 123
25 125
25 126
25 127
25 128
25 130
25 132
25 133
25 134
25 135
25 141
25 142
25 144
25 145
25 146
25 150
25 151
25 154
25 156
25 158
25 162
25 164
25 166
25 167
25 169
25 170
25 171
25 174
25 175
25 176
25 178
25 181
25 182
25 184
25 189
25 191
25 192
25 193
25 194
25 198
25 200
26 27
26 28
26 29
26 30
26 33
26 35
26 36
26 37
26 40
26 41
26 42
26 44
26 45
26 46
26 49
26 50
26 51
26 52
26 53
26 54
26 55
26 59
26 60
26 61
26 63
26 66
26 67
26 68
26 69
26 71
26 72
26 73
26 74
26 79
26 80
26 83
26 84
26 87
26 90
26 92
26 93
26 94
26 96
26 98
26 99
26 101
26 103
26 105
26 106
26 107
26 108
26 111
26 115
26 118
26 119
26 122
26 123
26 124
26 126
26 128
26 129
26 130
26 131
26 133
26 135
26 137
26 140
26 142
26 143
26 145
26 146
26 147
26 148
26 151
26 153
26 155
26 156
26 158
26 160
26 161
26 162
26 163
26 165
26 167
26 168
26 170
26 175
26 176
26 177
26 180
26 182
26 183
26 184
26 185
26 188
26 189
26 190
26 195
26 199
26 200
27 28
27 29
27 30
27 31
27 32
27 38
27 40
27 42
27 48
27 51
27 53
27 54
27 55
27 56
27 61
27 62
27 63
27 65
27 68
27 69
27 70
27 74
27 77
27 79
27 80
27 81
27 82
27 86
27 88
27 89
27 91
27 96
27 98
27 99
27 102
27 107
27 108
27 109
27 111
27 113
27 114
27 119
27 120
27 121
27 123
27 124
27 128
27 129
27 130
27 131
27 132
27 133
27 134
27 135
27 136
27 137
27 139
27 141
27 145
27 146
27 148
27 149
27 150
27 153
27 154
27 155
27 157
27 159
27 161
27 163
27 165
27 166
27 169
27 170
27 171
27 173
27 174
27 175
27 178
27 179
27 181
27 182
27 190
27 192
27 193
27 197
27 199
28 29
28 31
28 33
28 37
28 38
28 43
28 46
28 49
28 50
28 53
28 55
28 60
28 62
28 63
28 64
28 65
28 66
28 67
28 68
28 70
28 71
28 78
28 79
28 80
28 82
28 83
28 84
28 85
28 87
28 88
28 90
28 93
28 94
28 98
28 99
28 101
28 102
28 104
28 105
28 107
28 108
28 109
28 112
28 113
28 118
28 119
28 120
28 121
28 122
28 123
28 126
28 129
28 133
28 135
28 137
28 141
28 147
28 148
28 152
28 154
28 155
28 157
28 158
28 159
28 161
28 162
28 166
28 167
28 168
28 169
28 170
28 171
28 173
28 174
28 175
28 179
28 182
28 183
28 187
28 188
28 189
28 191
28 192
28 193
28 194
28 195
28 196
29 30
29 33
29 34
29 35
29 36
29 37
29 38
29 40
29 42
29 45
29 47
29 48
29 50
29 52
29 53
29 58
29 59
29 62
29 63
29 64
29 71
29 73
29 76
29 81
29 83
29 87
29 88
29 89
29 91
29 92
29 93
29 95
29 96
29 97
29 98
29 99
29 100
29 102
29 103
29 104
29 105
29 106
29 108
29 109
29 112
29 113
29 114
29 115
29 116
29 117
29 124
29 126
29 127
29 128
29 133
29 134
29 137
29 141
29 143
29 145
29 146
29 147
29 148
29 149
29 151
29 154
29 155
29 160
29 161
29 163
29 166
29 167
29 168
29 170
29 171
29 172
29 173
29 174
29 175
29 179
29 180
29 182
29 183
29 186
29 187
29 188
29 189
29 190
29 193
29 194
29 195
29 196
29 197
29 200
30 31
30 35
30 36
30 38
30 39
30 43
30 46
30 47
30 48
30 53
30 57
30 58
30 62
30 65
30 66
30 67
30 68
30 71
30 76
30 78
30 82
30 83
30 84
30 85
30 86
30 87
30 90
30 96
30 97
30 98
30 100
30 101
30 107
30 110
30 111
30 115
30 116
30 117
30 120
30 121
30 123
30 124
30 125
30 126
30 132
30 135
30 136
30 139
30 146
30 148
30 149
30 154
30 155
30 156
30 158
30 166
30 167
30 170
30 171
30 173
30 174
30 177
30 179
30 183
30 184
30 185
30 199
31 32
31 36
31 40
31 42
31 43
31 47
31 49
31 50
31 52
31 57
31 60
31 61
31 64
31 67
31 68
31 69
31 70
31 72
31 74
31 75
31 79
31 80
31 82
31 88
31 89
31 90
31 93
31 98
31 99
31 100
31 102
31 104
31 106
31 107
31 111
31 119
31 120
31 121
31 122
31 124
31 125
31 127
31 128
31 129
31 131
31 132
31 133
31 134
31 136
31 137
31 140
31 142
31 143
31 145
31 146
31 149
31 150
31 151
31 152
31 154
31 156
31 157
31 158
31 159
31 161
31 165
31 167
31 170
31 171
31 172
31 173
31 175
31 177
31 180
31 181
31 185
31 187
31 188
31 189
31 191
31 194
31 198
32 33
32 35
32 38
32 41
32 42
32 43
32 45
32 46
32 49
32 51
32 54
32 56
32 59
32 61
32 62
32 63
32 65
32 69
32 70
32 74
32 75
32 76
32 78
32 79
32 80
32 81
32 82
32 83
32 86
32 87
32 89
32 91
32 93
32 95
32 96
32 98
32 99
32 102
32 106
32 107
32 109
32 110
32 111
32 117
32 118
32 121
32 122
32 124
32 125
32 126
32 129
32 130
32 132
32 138
32 140
32 142
32 143
32 145
32 149
32 150
32 152
32 160
32 161
32 164
32 167
32 170
32 171
32 174
32 175
32 176
32 177
32 178
32 179
32 182
32 183
32 184
32 185
32 186
32 187
32 188
32 189
32 190
32 193
32 194
32 195
32 196
32 197
32 200
33 34
33 35
33 37
33 39
33 41
33 43
33 45
33 47
33 50
33 51
33 52
33 56
33 57
33 58
33 62
33 70
33 73
33 78
33 82
33 84
33 85
33 89
33 91
33 92
33 93
33 94
33 95
33 97
33 98
33 108
33 109
33 110
33 111
33 114
33 115
33 117
33 118
33 121
33 122
33 124
33 125
33 126
33 127
33 129
33 130
33 132
33 133
33 135
33 139
33 141
33 144
33 146
33 147
33 148
33 152
33 153
33 157
33 158
33 159
33 162
33 166
33 169
33 170
33 173
33 176
33 177
33 178
33 179
33 180
33 181
33 182
33 183
33 184
33 185
33 186
33 187
33 189
33 191
33 192
33 194
33 195
33 198
34 36
34 39
34 41
34 42
34 46
34 47
34 48
34 51
34 53
34 57
34 59
34 60
34 62
34 64
34 65
34 66
34 69
34 70
34 75
34 76
34 81
34 82
34 85
34 86
34 88
34 89
34 90
34 95
34 97
34 98
34 103
34 104
34 105
34 108
34 111
34 112
34 115
34 116
34 117
34 118
34 124
34 125
34 126
34 127
34 130
34 131
34 132
34 133
34 139
34 142
34 145
34 146
34 149
34 152
34 153
34 154
34 158
34 160
34 162
34 165
34 168
34 173
34 175
34 177
34 178
34 181
34 185
34 190
34 191
34 194
34 197
34 198
34 199
34 200
35 36
35 37
35 38
35 40
35 43
35 44
35 46
35 47
35 49
35 50
35 56
35 57
35 59
35 61
35 62
35 63
35 65
35 67
35 69
35 70
35 73
35 74
35 75
35 76
35 79
35 82
35 85
35 87
35 92
35 94
35 95
35 96
35 97
35 99
35 100
35 101
35 102
35 103
35 107
35 108
35 109
35 110
35 111
35 112
35 114
35 115
35 117
35 120
35 122
35 123
35 127
35 129
35 130
35 131
35 135
35 136
35 140
35 141
35 142
35 146
35 148
35 149
35 153
35 154
35 160
35 161
35 162
35 163
35 164
35 165
35 168
35 169
35 171
35 173
35 174
35 176
35 177
35 181
35 182
35 186
35 189
35 191
35 193
35 194
35 195
35 197
36 38
36 39
36 42
36 43
36 44
36 48
36 49
36 51
36 52
36 53
36 58
36 69
36 70
36 73
36 75
36 76
36 78
36 80
36 82
36 84
36 85
36 97
36 98
36 99
36 102
36 104
36 105
36 108
36 109
36 112
36 114
36 115
36 116
36 117
36 118
36 119
36 120
36 121
36 122
36 128
36 129
36 130
36 131
36 133
36 135
36 140
36 143
36 145
36 148
36 149
36 150
36 153
36 156
36 157
36 158
36 162
36 164
36 165
36 168
36 171
36 175
36 178
36 179
36 180
36 182
36 183
36 184
36 188
36 189
36 191
36 192
36 195
36 196
36 198
36 199
37 38
37 41
37 43
37 44
37 48
37 49
37 55
37 56
37 57
37 58
37 60
37 61
37 64
37 66
37 71
37 72
37 75
37 77
37 78
37 79
37 81
37 82
37 84
37 86
37 88
37 89
37 90
37 93
37 95
37 97
37 98
37 100
37 101
37 102
37 103
37 104
37 107
37 108
37 109
37 111
37 112
37 114
37 117
37 118
37 119
37 124
37 127
37 129
37 131
37 132
37 133
37 136
37 142
37 143
37 145
37 146
37 158
37 161
37 163
37 164
37 166
37 168
37 169
37 170
37 171
37 176
37 177
37 178
37 179
37 181
37 182
37 184
37 187
37 192
37 194
37 197
37 198
37 199
38 44
38 48
38 50
38 51
38 54
38 55
38 56
38 57
38 58
38 59
38 62
38 63
38 64
38 68
38 69
38 72
38 81
38 82
38 83
38 84
38 87
38 88
38 89
38 91
38 92
38 94
38 97
38 99
38 102
38 104
38 107
38 109
38 110
38 111
38 118
38 120
38 121
38 122
38 124
38 126
38 127
38 129
38 130
38 135
38 137
38 139
38 147
38 149
38 150
38 151
38 152
38 154
38 156
38 159
38 161
38 162
38 164
38 166
38 168
38 169
38 170
38 171
38 172
38 173
38 174
38 176
38 178
38 179
38 180
38 185
38 186
38 187
38 189
38 195
38 197
38 198
38 199
39 43
39 44
39 47
39 48
39 49
39 50
39 51
39 52
39 53
39 54
39 55
39 57
39 58
39 59
39 60
39 61
39 62
39 63
39 64
39 65
39 66
39 71
39 77
39 78
39 79
39 86
39 88
39 92
39 93
39 97
39 99
39 104
39 107
39 108
39 110
39 113
39 116
39 117
39 118
39 120
39 121
39 122
39 125
39 127
39 134
39 135
39 137
39 138
39 140
39 144
39 147
39 148
39 149
39 150
39 155
39 156
39 165
39 168
39 169
39 172
39 177
39 178
39 179
39 181
39 182
39 183
39 184
39 185
39 187
39 188
39 190
39 191
39 193
39 196
39 200
40 41
40 44
40 45
40 50
40 52
40 53
40 54
40 57
40 58
40 60
40 62
40 63
40 65
40 66
40 67
40 68
40 70
40 72
40 73
40 77
40 80
40 82
40 84
40 87
40 90
40 91
40 93
40 94
40 98
40 103
40 105
40 110
40 111
40 114
40 115
40 117
40 118
40 120
40 124
40 125
40 128
40 134
40 136
40 137
40 138
40 139
40 145
40 148
40 149
40 150
40 152
40 153
40 155
40 157
40 158
40 159
40 160
40 161
40 162
40 163
40 164
40 165
40 167
40 169
40 172
40 173
40 174
40 175
40 177
40 178
40 179
40 183
40 184
40 187
40 188
40 189
40 190
40 196
40 198
40 200
41 42
41 46
41 47
41 48
41 53
41 57
41 62
41 63
41 65
41 66
41 68
41 69
41 70
41 71
41 73
41 74
41 76
41 77
41 78
41 80
41 81
41 82
41 85
41 87
41 90
41 91
41 95
41 96
41 97
41 98
41 101
41 102
41 105
41 107
41 109
41 111
41 113
41 114
41 115
41 117
41 119
41 121
41 124
41 126
41 128
41 129
41 130
41 131
41 134
41 136
41 137
41 138
41 139
41 141
41 142
41 146
41 147
41 149
41 155
41 159
41 160
41 161
41 163
41 164
41 165
41 166
41 167
41 173
41 178
41 180
41 181
41 184
41 186
41 187
41 189
41 191
41 196
41 197
41 198
41 199
42 43
42 44
42 46
42 49
42 52
42 53
42 54
42 55
42 56
42 57
42 58
42 59
42 63
42 64
42 65
42 66
42 68
42 69
42 70
42 73
42 74
42 76
42 80
42 84
42 85
42 86
42 87
42 89
42 91
42 92
42 96
42 97
42 103
42 104
42 106
42 107
42 109
42 110
42 112
42 113
42 118
42 119
42 120
42 121
42 127
42 128
42 129
42 132
42 134
42 138
42 139
42 140
42 142
42 144
42 145
42 148
42 150
42 152
42 153
42 155
42 156
42 157
42 158
42 161
42 163
42 164
42 165
42 166
42 168
42 169
42 170
42 172
42 175
42 176
42 177
42 178
42 179
42 180
42 182
42 184
42 188
42 189
42 191
42 193
42 195
42 197
42 198
43 48
43 49
43 53
43 54
43 57
43 58
43 60
43 61
43 62
43 64
43 70
43 72
43 73
43 76
43 80
43 83
43 84
43 85
43 86
43 88
43 92
43 94
43 95
43 97
43 98
43 99
43 100
43 102
43 103
43 104
43 105
43 106
43 107
43 109
43 110
43 111
43 114
43 115
43 116
43 118
43 120
43 122
43 126
43 128
43 129
43 130
43 131
43 132
43 135
43 137
43 141
43 142
43 144
43 147
43 148
43 149
43 150
43 152
43 155
43 160
43 161
43 162
43 165
43 166
43 169
43 172
43 173
43 174
43 177
43 178
43 179
43 181
43 182
43 184
43 185
43 186
43 188
43 189
43 192
43 193
43 194
43 195
43 198
44 45
44 47
44 49
44 50
44 53
44 54
44 55
44 58
44 59
44 62
44 63
44 65
44 67
44 69
44 72
44 73
44 75
44 77
44 82
44 83
44 84
44 87
44 88
44 89
44 91
44 92
44 95
44 96
44 100
44 103
44 104
44 105
44 107
44 109
44 112
44 113
44 114
44 116
44 117
44 118
44 121
44 122
44 124
44 126
44 127
44 130
44 133
44 134
44 137
44 138
44 141
44 142
44 143
44 146
44 155
44 161
44 164
44 165
44 167
44 168
44 171
44 172
44 173
44 174
44 176
44 179
44 180
44 183
44 189
44 190
44 193
44 194
44 195
44 196
44 197
44 198
44 200
45 46
45 47
45 48
45 51
45 52
45 53
45 54
45 55
45 57
45 58
45 59
45 61
45 62
45 66
45 68
45 69
45 70
45 73
45 74
45 78
45 79
45 84
45 85
45 86
45 87
45 88
45 91
45 92
45 93
45 94
45 95
45 97
45 99
45 101
45 102
45 105
45 107
45 108
45 109
45 112
45 113
45 117
45 118
45 119
45 120
45 121
45 124
45 127
45 128
45 131
45 132
45 133
45 134
45 137
45 138
45 141
45 147
45 148
45 152
45 153
45 156
45 158
45 161
45 162
45 164
45 167
45 168
45 169
45 170
45 171
45 173
45 174
45 175
45 176
45 183
45 184
45 185
45 188
45 189
45 192
45 193
45 196
45 198
45 200
46 47
46 49
46 51
46 54
46 57
46 58
46 59
46 60
46 63
46 64
46 65
46 67
46 68
46 69
46 70
46 71
46 72
46 74
46 75
46 76
46 79
46 86
46 87
46 88
46 94
46 95
46 96
46 98
46 99
46 100
46 103
46 107
46 113
46 114
46 115
46 116
46 122
46 127
46 129
46 132
46 133
46 134
46 135
46 136
46 137
46 138
46 139
46 140
46 141
46 143
46 145
46 147
46 148
46 151
46 153
46 154
46 156
46 157
46 163
46 164
46 165
46 166
46 171
46 172
46 176
46 177
46 178
46 180
46 181
46 182
46 192
46 196
46 197
46 198
46 199
46 200
47 48
47 51
47 55
47 58
47 59
47 60
47 61
47 63
47 64
47 66
47 70
47 73
47 74
47 75
47 79
47 84
47 87
47 89
47 91
47 94
47 95
47 98
47 105
47 106
47 108
47 109
47 111
47 115
47 116
47 119
47 120
47 122
47 123
47 124
47 127
47 131
47 134
47 137
47 138
47 139
47 141
47 142
47 144
47 145
47 146
47 148
47 149
47 153
47 154
47 155
47 156
47 157
47 159
47 160
47 164
47 167
47 168
47 169
47 171
47 173
47 177
47 179
47 180
47 182
47 183
47 184
47 191
47 192
47 194
47 198
47 199
47 200
48 49
48 50
48 52
48 53
48 55
48 58
48 59
48 60
48 64
48 66
48 67
48 68
48 69
48 72
48 77
48 78
48 79
48 82
48 83
48 84
48 85
48 86
48 90
48 91
48 94
48 95
48 99
48 100
48 101
48 102
48 103
48 104
48 105
48 106
48 107
48 111
48 112
48 116
48 117
48 119
48 120
48 126
48 132
48 133
48 134
48 136
48 138
48 139
48 141
48 143
48 144
48 145
48 147
48 153
48 156
48 157
48 158
48 159
48 160
48 161
48 162
48 167
48 169
48 170
48 171
48 172
48 173
48 178
48 179
48 180
48 182
48 183
48 184
48 185
48 189
48 190
48 193
48 196
48 197
49 50
49 51
49 52
49 54
49 56
49 58
49 60
49 61
49 62
49 69
49 72
49 73
49 74
49 81
49 82
49 84
49 85
49 88
49 89
49 92
49 93
49 95
49 96
49 97
49 104
49 105
49 107
49 108
49 112
49 113
49 118
49 119
49 120
49 121
49 122
49 124
49 128
49 131
49 133
49 134
49 135
49 137
49 140
49 146
49 151
49 152
49 153
49 156
49 158
49 161
49 165
49 166
49 167
49 168
49 169
49 170
49 173
49 174
49 176
49 179
49 183
49 187
49 189
49 195
49 196
49 197
49 200
50 51
50 52
50 53
50 56
50 57
50 59
50 64
50 66
50 67
50 68
50 69
50 71
50 73
50 74
50 77
50 80
50 81
50 82
50 85
50 87
50 97
50 98
50 100
50 102
50 103
50 104
50 105
50 106
50 107
50 109
50 110
50 111
50 116
50 118
50 119
50 120
50 122
50 123
50 125
50 126
50 127
50 128
50 129
50 130
50 132
50 134
50 136
50 138
50 139
50 142
50 145
50 146
50 147
50 148
50 153
50 155
50 157
50 159
50 161
50 162
50 163
50 164
50 166
50 167
50 168
50 171
50 173
50 174
50 178
50 180
50 181
50 183
50 187
50 192
50 195
50 197
50 199
51 57
51 62
51 64
51 65
51 67
51 68
51 69
51 70
51 74
51 79
51 82
51 83
51 86
51 88
51 89
51 90
51 91
51 94
51 95
51 96
51 99
51 100
51 102
51 103
51 106
51 108
51 110
51 111
51 113
51 116
51 117
51 118
51 120
51 122
51 123
51 125
51 128
51 130
51 137
51 139
51 140
51 142
51 143
51 144
51 145
51 148
51 149
51 152
51 153
51 154
51 155
51 157
51 158
51 159
51 160
51 167
51 168
51 169
51 171
51 172
51 173
51 176
51 180
51 184
51 185
51 189
51 190
51 191
51 193
51 194
51 196
51 198
51 199
51 200
52 56
52 60
52 66
52 67
52 68
52 69
52 70
52 71
52 73
52 74
52 78
52 82
52 83
52 85
52 86
52 88
52 89
52 92
52 93
52 94
52 95
52 96
52 98
52 99
52 100
52 103
52 104
52 105
52 109
52 112
52 113
52 117
52 119
52 120
52 124
52 125
52 127
52 128
52 129
52 132
52 134
52 135
52 137
52 138
52 141
52 150
52 151
52 153
52 154
52 157
52 158
52 159
52 161
52 162
52 164
52 165
52 166
52 167
52 170
52 171
52 172
52 174
52 175
52 177
52 178
52 180
52 182
52 183
52 185
52 186
52 191
52 192
52 193
52 194
52 195
52 199
53 56
53 58
53 62
53 63
53 64
53 65
53 68
53 69
53 75
53 77
53 79
53 82
53 83
53 85
53 86
53 87
53 88
53 90
53 94
53 95
53 96
53 97
53 98
53 99
53 100
53 101
53 102
53 103
53 105
53 110
53 114
53 118
53 119
53 122
53 126
53 127
53 129
53 131
53 133
53 139
53 141
53 142
53 145
53 148
53 149
53 150
53 152
53 153
53 155
53 156
53 159
53 160
53 161
53 163
53 167
53 173
53 180
53 181
53 186
53 190
53 191
53 192
53 194
53 195
53 197
53 199
53 200
54 56
54 57
54 60
54 63
54 66
54 69
54 70
54 72
54 73
54 75
54 76
54 77
54 78
54 81
54 82
54 83
54 86
54 89
54 91
54 94
54 98
54 99
54 100
54 102
54 103
54 104
54 105
54 109
54 113
54 114
54 115
54 117
54 118
54 121
54 122
54 124
54 126
54 130
54 134
54 135
54 136
54 137
54 139
54 142
54 145
54 146
54 152
54 153
54 154
54 155
54 158
54 165
54 166
54 167
54 169
54 173
54 174
54 180
54 182
54 184
54 186
54 187
54 197
54 198
54 200
55 56
55 57
55 58
55 59
55 61
55 62
55 64
55 66
55 67
55 68
55 71
55 72
55 74
55 77
55 80
55 81
55 85
55 86
55 90
55 92
55 98
55 99
55 103
55 105
55 106
55 111
55 112
55 113
55 115
55 117
55 118
55 123
55 124
55 127
55 129
55 130
55 132
55 133
55 135
55 136
55 137
55 138
55 139
55 140
55 142
55 144
55 145
55 147
55 149
55 150
55 153
55 155
55 156
55 160
55 161
55 163
55 164
55 170
55 171
55 175
55 176
55 180
55 181
55 183
55 187
55 189
55 190
55 194
55 195
55 197
55 198
55 200
56 57
56 59
56 60
56 63
56 66
56 67
56 68
56 69
56 70
56 71
56 73
56 74
56 79
56 81
56 83
56 84
56 86
56 88
56 89
56 92
56 94
56 95
56 96
56 98
56 104
56 105
56 108
56 109
56 110
56 113
56 114
56 115
56 116
56 122
56 123
56 126
56 127
56 128
56 131
56 134
56 135
56 136
56 137
56 138
56 143
56 145
56 147
56 153
56 154
56 155
56 156
56 162
56 167
56 169
56 174
56 178
56 181
56 183
56 185
56 192
56 194
56 195
56 197
56 198
57 58
57 59
57 61
57 64
57 67
57 68
57 69
57 70
57 73
57 76
57 79
57 80
57 83
57 84
57 85
57 87
57 89
57 93
57 94
57 96
57 97
57 98
57 101
57 107
57 108
57 109
57 112
57 113
57 114
57 117
57 122
57 123
57 124
57 126
57 127
57 128
57 130
57 131
57 132
57 135
57 139
57 140
57 141
57 143
57 145
57 146
57 148
57 149
57 150
57 151
57 155
57 157
57 159
57 163
57 166
57 168
57 169
57 174
57 176
57 177
57 178
57 190
57 193
57 194
57 198
57 199
58 59
58 60
58 62
58 63
58 64
58 68
58 71
58 72
58 74
58 75
58 77
58 78
58 79
58 80
58 83
58 86
58 87
58 88
58 89
58 91
58 93
58 95
58 98
58 99
58 101
58 103
58 104
58 105
58 107
58 108
58 114
58 116
58 117
58 122
58 125
58 126
58 128
58 130
58 132
58 133
58 134
58 138
58 139
58 141
58 145
58 147
58 150
58 151
58 152
58 153
58 154
58 155
58 157
58 158
58 160
58 163
58 164
58 165
58 166
58 167
58 168
58 169
58 170
58 171
58 173
58 174
58 178
58 179
58 181
58 183
58 185
58 189
58 192
58 194
58 199
58 200
59 60
59 61
59 69
59 70
59 71
59 72
59 74
59 75
59 76
59 77
59 78
59 81
59 87
59 91
59 92
59 94
59 95
59 96
59 99
59 100
59 101
59 103
59 104
59 105
59 109
59 110
59 112
59 113
59 114
59 115
59 116
59 117
59 120
59 121
59 122
59 124
59 125
59 128
59 130
59 132
59 133
59 134
59 137
59 138
59 139
59 140
59 142
59 144
59 146
59 151
59 152
59 156
59 158
59 163
59 166
59 168
59 170
59 173
59 175
59 176
59 179
59 182
59 183
59 185
59 186
59 187
59 188
59 190
59 191
59 192
59 195
59 197
59 198
59 199
60 61
60 67
60 70
60 74
60 75
60 76
60 77
60 80
60 82
60 85
60 86
60 89
60 90
60 93
60 94
60 97
60 98
60 100
60 102
60 103
60 107
60 108
60 109
60 110
60 111
60 112
60 114
60 115
60 116
60 117
60 118
60 125
60 129
60 131
60 133
60 134
60 137
60 139
60 141
60 143
60 147
60 148
60 149
60 150
60 151
60 154
60 156
60 157
60 162
60 166
60 169
60 170
60 179
60 181
60 184
60 185
60 187
60 190
60 194
60 196
60 199
60 200
61 63
61 64
61 66
61 71
61 73
61 74
61 76
61 82
61 85
61 86
61 87
61 89
61 90
61 91
61 93
61 94
61 96
61 99
61 104
61 105
61 108
61 111
61 113
61 115
61 116
61 117
61 119
61 120
61 121
61 122
61 123
61 124
61 126
61 129
61 131
61 132
61 134
61 135
61 138
61 139
61 142
61 143
61 144
61 145
61 151
61 152
61 153
61 154
61 156
61 158
61 159
61 161
61 163
61 164
61 167
61 170
61 174
61 175
61 176
61 177
61 179
61 180
61 182
61 183
61 184
61 186
61 190
61 192
61 195
62 63
62 66
62 70
62 73
62 75
62 77
62 78
62 79
62 80
62 81
62 85
62 91
62 93
62 95
62 96
62 98
62 99
62 102
62 104
62 105
62 106
62 107
62 110
62 111
62 113
62 119
62 120
62 123
62 124
62 127
62 129
62 131
62 134
62 135
62 136
62 137
62 138
62 140
62 142
62 143
62 144
62 145
62 146
62 147
62 149
62 151
62 155
62 156
62 157
62 159
62 161
62 164
62 168
62 169
62 172
62 176
62 177
62 178
62 179
62 180
62 183
62 185
62 187
62 189
62 190
62 193
62 194
62 195
62 196
62 197
62 198
63 65
63 66
63 68
63 69
63 70
63 73
63 74
63 76
63 78
63 80
63 84
63 85
63 87
63 89
63 91
63 93
63 94
63 99
63 100
63 102
63 103
63 104
63 105
63 108
63 109
63 110
63 112
63 113
63 115
63 120
63 122
63 124
63 127
63 129
63 131
63 132
63 134
63 136
63 137
63 141
63 142
63 143
63 144
63 145
63 147
63 151
63 152
63 153
63 154
63 160
63 165
63 167
63 173
63 174
63 175
63 183
63 185
63 188
63 195
63 196
63 199
63 200
64 66
64 67
64 68
64 69
64 72
64 75
64 76
64 78
64 79
64 81
64 82
64 83
64 84
64 85
64 87
64 91
64 92
64 93
64 94
64 96
64 98
64 99
64 100
64 101
64 102
64 104
64 105
64 109
64 110
64 114
64 115
64 117
64 121
64 122
64 123
64 126
64 127
64 128
64 132
64 133
64 134
64 136
64 137
64 138
64 139
64 142
64 144
64 146
64 147
64 149
64 150
64 154
64 156
64 163
64 165
64 166
64 167
64 172
64 173
64 176
64 177
64 178
64 179
64 180
64 182
64 183
64 187
64 190
64 194
64 196
64 197
64 198
64 200
65 66
65 70
65 74
65 75
65 76
65 77
65 78
65 79
65 81
65 82
65 83
65 85
65 86
65 88
65 89
65 93
65 94
65 97
65 98
65 99
65 100
65 102
65 103
65 105
65 106
65 110
65 112
65 115
65 116
65 117
65 124
65 126
65 127
65 128
65 136
65 137
65 139
65 140
65 141
65 144
65 148
65 150
65 151
65 153
65 154
65 155
65 156
65 161
65 162
65 164
65 165
65 166
65 169
65 170
65 171
65 172
65 173
65 174
65 176
65 177
65 178
65 180
65 182
65 183
65 184
65 185
65 187
65 188
65 189
65 190
65 195
65 196
65 197
65 198
65 199
65 200
66 73
66 74
66 75
66 77
66 78
66 79
66 81
66 83
66 87
66 92
66 93
66 96
66 97
66 99
66 100
66 102
66 103
66 105
66 106
66 110
66 112
66 114
66 115
66 117
66 118
66 120
66 121
66 127
66 128
66 129
66 130
66 132
66 135
66 136
66 137
66 138
66 139
66 140
66 141
66 143
66 144
66 145
66 147
66 148
66 149
66 150
66 153
66 154
66 155
66 157
66 159
66 161
66 166
66 167
66 168
66 169
66 170
66 173
66 174
66 175
66 179
66 180
66 181
66 185
66 186
66 189
66 191
66 192
66 194
66 195
66 199
66 200
67 68
67 69
67 70
67 72
67 74
67 75
67 79
67 83
67 84
67 87
67 89
67 93
67 96
67 97
67 99
67 100
67 101
67 102
67 106
67 108
67 109
67 111
67 114
67 115
67 117
67 119
67 122
67 124
67 127
67 128
67 133
67 137
67 139
67 140
67 143
67 145
67 147
67 149
67 152
67 153
67 155
67 156
67 157
67 159
67 160
67 162
67 163
67 164
67 166
67 167
67 168
67 173
67 174
67 175
67 179
67 180
67 182
67 184
67 186
67 187
67 188
67 189
67 192
67 193
67 195
67 196
67 197
67 199
67 200
68 69
68 70
68 73
68 74
68 76
68 77
68 78
68 80
68 81
68 84
68 86
68 88
68 89
68 91
68 92
68 98
68 99
68 100
68 101
68 102
68 103
68 107
68 108
68 109
68 110
68 113
68 114
68 115
68 116
68 118
68 119
68 123
68 126
68 129
68 133
68 134
68 137
68 138
68 139
68 140
68 143
68 144
68 145
68 146
68 147
68 148
68 151
68 155
68 158
68 160
68 161
68 163
68 164
68 166
68 167
68 168
68 175
68 176
68 177
68 179
68 180
68 185
68 186
68 188
68 190
68 193
68 194
68 195
68 196
68 199
69 71
69 73
69 74
69 75
69 79
69 84
69 85
69 86
69 87
69 89
69 92
69 94
69 96
69 97
69 100
69 101
69 103
69 105
69 112
69 116
69 117
69 118
69 119
69 122
69 127
69 128
69 129
69 134
69 136
69 137
69 139
69 142
69 143
69 145
69 146
69 147
69 151
69 153
69 154
69 156
69 157
69 165
69 167
69 168
69 169
69 170
69 171
69 172
69 177
69 178
69 180
69 182
69 184
69 187
69 190
69 194
69 196
69 197
70 71
70 72
70 74
70 75
70 77
70 79
70 82
70 83
70 85
70 90
70 91
70 93
70 94
70 95
70 97
70 98
70 100
70 101
70 102
70 103
70 104
70 107
70 109
70 110
70 112
70 114
70 115
70 116
70 117
70 118
70 119
70 120
70 122
70 126
70 128
70 131
70 133
70 135
70 136
70 138
70 139
70 140
70 142
70 145
70 146
70 149
70 150
70 152
70 155
70 156
70 157
70 158
70 161
70 162
70 165
70 166
70 170
70 171
70 173
70 175
70 177
70 178
70 184
70 186
70 189
70 195
70 196
70 197
70 198
70 199
71 73
71 75
71 76
71 77
71 78
71 82
71 83
71 85
71 87
71 90
71 91
71 93
71 96
71 97
71 101
71 105
71 107
71 109
71 111
71 112
71 113
71 118
71 124
71 126
71 128
71 129
71 131
71 133
71 134
71 135
71 137
71 140
71 142
71 144
71 145
71 147
71 148
71 149
71 151
71 152
71 157
71 159
71 161
71 165
71 166
71 168
71 176
71 177
71 178
71 179
71 181
71 184
71 187
71 188
71 189
71 191
71 197
71 199
71 200
72 74
72 77
72 81
72 82
72 83
72 84
72 85
72 86
72 89
72 91
72 94
72 96
72 97
72 99
72 104
72 105
72 107
72 110
72 111
72 112
72 117
72 118
72 121
72 122
72 123
72 124
72 126
72 128
72 130
72 133
72 135
72 138
72 139
72 143
72 144
72 147
72 148
72 149
72 150
72 151
72 155
72 156
72 161
72 164
72 167
72 169
72 172
72 178
72 179
72 180
72 182
72 183
72 184
72 185
72 188
72 191
72 193
72 195
72 196
72 200
73 74
73 77
73 79
73 83
73 84
73 85
73 90
73 92
73 93
73 95
73 96
73 97
73 98
73 100
73 101
73 102
73 103
73 106
73 108
73 110
73 111
73 114
73 116
73 117
73 119
73 120
73 121
73 122
73 123
73 124
73 125
73 128
73 129
73 130
73 134
73 139
73 142
73 143
73 146
73 147
73 148
73 149
73 151
73 152
73 153
73 159
73 160
73 161
73 162
73 163
73 164
73 166
73 167
73 168
73 169
73 170
73 171
73 172
73 175
73 177
73 179
73 180
73 184
73 190
73 191
73 193
73 195
73 196
73 197
73 198
73 200
74 84
74 85
74 86
74 88
74 91
74 93
74 94
74 97
74 98
74 99
74 100
74 104
74 105
74 107
74 110
74 113
74 115
74 117
74 118
74 119
74 124
74 127
74 128
74 129
74 133
74 135
74 141
74 144
74 145
74 147
74 149
74 150
74 152
74 153
74 154
74 156
74 157
74 159
74 160
74 162
74 163
74 164
74 171
74 172
74 173
74 174
74 177
74 180
74 181
74 182
74 186
74 188
74 189
74 190
74 192
74 194
74 195
74 197
74 198
74 199
74 200
75 76
75 78
75 80
75 81
75 83
75 84
75 85
75 90
75 92
75 93
75 94
75 100
75 101
75 102
75 103
75 107
75 109
75 111
75 112
75 116
75 118
75 119
75 120
75 122
75 124
75 125
75 126
75 127
75 128
75 129
75 130
75 134
75 138
75 140
75 141
75 146
75 147
75 148
75 150
75 155
75 156
75 157
75 161
75 162
75 170
75 172
75 173
75 175
75 176
75 177
75 178
75 180
75 183
75 185
75 191
75 193
75 194
76 77
76 79
76 81
76 82
76 89
76 90
76 97
76 98
76 101
76 104
76 105
76 106
76 107
76 109
76 111
76 113
76 114
76 115
76 116
76 117
76 118
76 119
76 126
76 127
76 128
76 130
76 132
76 136
76 137
76 138
76 139
76 140
76 143
76 144
76 145
76 147
76 148
76 149
76 151
76 156
76 157
76 158
76 160
76 161
76 163
76 164
76 165
76 166
76 169
76 170
76 171
76 172
76 174
76 176
76 177
76 178
76 180
76 183
76 186
76 187
76 188
76 189
76 194
76 195
76 196
76 197
76 198
77 79
77 80
77 83
77 86
77 88
77 89
77 92
77 94
77 95
77 96
77 98
77 101
77 102
77 103
77 104
77 107
77 109
77 111
77 112
77 113
77 114
77 115
77 116
77 120
77 124
77 125
77 126
77 135
77 139
77 140
77 143
77 144
77 145
77 148
77 152
77 154
77 160
77 161
77 163
77 164
77 167
77 168
77 173
77 174
77 181
77 183
77 184
77 185
77 186
77 187
77 190
77 191
77 192
77 198
77 199
78 82
78 83
78 85
78 86
78 87
78 88
78 92
78 93
78 94
78 95
78 96
78 97
78 98
78 105
78 107
78 110
78 112
78 115
78 117
78 119
78 120
78 122
78 123
78 125
78 127
78 129
78 130
78 131
78 132
78 134
78 135
78 136
78 139
78 143
78 146
78 148
78 149
78 151
78 153
78 158
78 159
78 160
78 165
78 166
78 167
78 168
78 169
78 170
78 172
78 173
78 174
78 176
78 182
78 185
78 188
78 189
78 190
78 192
78 193
78 196
78 197
78 198
78 200
79 83
79 88
79 89
79 91
79 94
79 98
79 99
79 100
79 102
79 103
79 105
79 110
79 111
79 112
79 113
79 115
79 117
79 118
79 119
79 127
79 131
79 133
79 139
79 140
79 141
79 144
79 146
79 147
79 148
79 151
79 155
79 166
79 168
79 169
79 170
79 172
79 173
79 177
79 178
79 179
79 180
79 181
79 182
79 184
79 185
79 186
79 188
79 189
79 192
79 195
79 196
79 197
79 200
80 81
80 84
80 87
80 88
80 89
80 93
80 95
80 97
80 98
80 106
80 107
80 109
80 110
80 111
80 112
80 113
80 114
80 116
80 117
80 118
80 121
80 122
80 124
80 125
80 126
80 127
80 128
80 129
80 130
80 131
80 132
80 133
80 134
80 135
80 137
80 138
80 142
80 143
80 146
80 147
80 148
80 151
80 153
80 154
80 155
80 159
80 160
80 162
80 164
80 167
80 168
80 169
80 170
80 172
80 174
80 175
80 177
80 178
80 179
80 180
80 181
80 183
80 185
80 189
80 191
80 192
80 193
80 196
80 199
80 200
81 82
81 83
81 89
81 90
81 92
81 98
81 103
81 104
81 105
81 106
81 107
81 108
81 109
81 110
81 113
81 114
81 115
81 116
81 117
81 118
81 119
81 120
81 122
81 129
81 132
81 133
81 134
81 137
81 139
81 141
81 142
81 143
81 147
81 149
81 150
81 151
81 152
81 154
81 155
81 157
81 158
81 160
81 161
81 166
81 167
81 168
81 169
81 171
81 175
81 180
81 181
81 182
81 186
81 190
81 191
81 193
81 194
81 196
81 198
81 200
82 88
82 90
82 91
82 92
82 94
82 96
82 97
82 98
82 100
82 101
82 102
82 105
82 107
82 108
82 109
82 111
82 113
82 114
82 116
82 117
82 120
82 121
82 125
82 126
82 127
82 130
82 131
82 132
82 135
82 136
82 139
82 140
82 143
82 145
82 146
82 147
82 151
82 152
82 155
82 156
82 157
82 159
82 160
82 166
82 169
82 170
82 173
82 174
82 177
82 178
82 180
82 181
82 182
82 184
82 185
82 190
82 191
82 194
82 195
82 198
82 199
83 85
83 87
83 90
83 91
83 92
83 93
83 95
83 97
83 100
83 101
83 103
83 108
83 109
83 110
83 116
83 118
83 119
83 122
83 123
83 124
83 125
83 127
83 129
83 130
83 131
83 134
83 137
83 138
83 139
83 142
83 145
83 147
83 148
83 149
83 151
83 152
83 153
83 154
83 156
83 157
83 158
83 159
83 161
83 162
83 164
83 166
83 167
83 168
83 171
83 174
83 176
83 177
83 178
83 179
83 181
83 183
83 184
83 185
83 186
83 188
83 190
83 191
83 192
83 197
83 198
83 199
83 200
84 87
84 89
84 90
84 91
84 96
84 97
84 98
84 103
84 104
84 106
84 109
84 110
84 111
84 115
84 117
84 121
84 123
84 124
84 126
84 128
84 129
84 130
84 132
84 133
84 134
84 136
84 138
84 140
84 142
84 143
84 145
84 147
84 150
84 151
84 152
84 153
84 157
84 158
84 159
84 162
84 164
84 165
84 167
84 168
84 169
84 170
84 171
84 172
84 176
84 177
84 178
84 180
84 182
84 183
84 185
84 186
84 190
84 191
84 193
84 194
84 197
84 198
84 199
84 200
85 90
85 92
85 94
85 95
85 96
85 101
85 106
85 107
85 108
85 111
85 113
85 119
85 121
85 122
85 123
85 124
85 125
85 126
85 127
85 128
85 129
85 130
85 131
85 132
85 133
85 134
85 135
85 139
85 140
85 143
85 144
85 146
85 150
85 152
85 154
85 155
85 156
85 161
85 162
85 163
85 164
85 167
85 168
85 174
85 175
85 177
85 178
85 180
85 184
85 185
85 186
85 189
85 190
85 192
85 194
85 196
85 197
85 198
85 200
86 87
86 89
86 90
86 91
86 93
86 96
86 97
86 99
86 101
86 103
86 106
86 107
86 110
86 111
86 115
86 117
86 121
86 123
86 126
86 127
86 129
86 132
86 134
86 135
86 136
86 139
86 141
86 142
86 145
86 146
86 148
86 149
86 150
86 151
86 153
86 156
86 157
86 158
86 159
86 160
86 161
86 162
86 165
86 166
86 167
86 168
86 169
86 173
86 176
86 178
86 180
86 182
86 184
86 188
86 192
86 193
86 195
86 197
87 88
87 90
87 93
87 94
87 97
87 100
87 102
87 103
87 109
87 111
87 112
87 113
87 115
87 118
87 119
87 122
87 125
87 126
87 129
87 130
87 131
87 132
87 135
87 137
87 143
87 144
87 147
87 156
87 157
87 158
87 159
87 162
87 163
87 165
87 166
87 167
87 169
87 170
87 172
87 173
87 176
87 179
87 182
87 183
87 186
87 187
87 188
87 190
87 194
87 195
87 196
87 200
88 89
88 92
88 94
88 96
88 97
88 99
88 100
88 101
88 104
88 106
88 107
88 110
88 111
88 116
88 120
88 122
88 124
88 126
88 128
88 129
88 130
88 138
88 142
88 143
88 145
88 146
88 147
88 148
88 149
88 151
88 152
88 153
88 154
88 156
88 160
88 165
88 168
88 169
88 171
88 172
88 175
88 176
88 177
88 178
88 179
88 181
88 185
88 187
88 189
88 190
88 191
88 192
88 193
88 194
88 195
88 197
88 198
88 199
89 90
89 91
89 92
89 93
89 94
89 95
89 96
89 97
89 100
89 101
89 103
89 104
89 105
89 108
89 109
89 110
89 111
89 115
89 116
89 121
89 122
89 124
89 125
89 126
89 129
89 131
89 134
89 135
89 136
89 137
89 138
89 139
89 146
89 147
89 149
89 151
89 153
89 154
89 155
89 158
89 160
89 161
89 163
89 164
89 165
89 167
89 169
89 172
89 175
89 177
89 178
89 179
89 181
89 185
89 187
89 188
89 189
89 190
89 192
89 193
89 194
89 197
89 198
90 91
90 93
90 94
90 98
90 99
90 100
90 101
90 103
90 105
90 109
90 110
90 111
90 112
90 114
90 116
90 117
90 118
90 121
90 125
90 126
90 128
90 134
90 136
90 137
90 139
90 141
90 142
90 143
90 146
90 147
90 148
90 150
90 151
90 152
90 153
90 155
90 156
90 157
90 160
90 162
90 163
90 166
90 169
90 170
90 172
90 175
90 177
90 181
90 182
90 183
90 184
90 185
90 186
90 189
90 192
90 193
90 194
90 195
90 197
90 198
91 92
91 94
91 95
91 104
91 105
91 106
91 107
91 109
91 110
91 111
91 112
91 113
91 115
91 116
91 118
91 120
91 121
91 124
91 131
91 134
91 135
91 136
91 140
91 142
91 144
91 146
91 151
91 152
91 153
91 155
91 156
91 158
91 159
91 161
91 164
91 165
91 166
91 168
91 174
91 175
91 180
91 182
91 184
91 185
91 186
91 188
91 191
91 192
91 194
91 197
91 198
91 199
91 200
92 93
92 95
92 96
92 97
92 99
92 100
92 102
92 104
92 105
92 106
92 110
92 112
92 113
92 114
92 116
92 117
92 118
92 119
92 122
92 123
92 124
92 125
92 127
92 131
92 132
92 136
92 137
92 139
92 140
92 141
92 142
92 145
92 146
92 150
92 154
92 155
92 156
92 157
92 159
92 160
92 161
92 162
92 164
92 165
92 169
92 170
92 171
92 173
92 175
92 177
92 178
92 180
92 183
92 184
92 185
92 189
92 191
92 193
92 195
92 198
92 200
93 95
93 97
93 98
93 99
93 100
93 103
93 104
93 106
93 108
93 110
93 117
93 119
93 120
93 123
93 130
93 131
93 133
93 134
93 136
93 139
93 140
93 141
93 142
93 143
93 144
93 145
93 146
93 147
93 149
93 151
93 156
93 159
93 161
93 163
93 165
93 166
93 167
93 169
93 171
93 172
93 173
93 180
93 182
93 183
93 184
93 185
93 186
93 189
93 190
93 193
93 194
93 196
93 199
94 97
94 100
94 103
94 104
94 108
94 109
94 111
94 112
94 117
94 118
94 120
94 123
94 124
94 127
94 128
94 131
94 135
94 140
94 142
94 145
94 153
94 154
94 156
94 157
94 158
94 159
94 160
94 161
94 166
94 168
94 169
94 172
94 173
94 174
94 175
94 176
94 177
94 179
94 180
94 182
94 184
94 185
94 187
94 189
94 192
94 195
94 197
94 198
94 199
94 200
95 99
95 100
95 108
95 113
95 114
95 115
95 116
95 117
95 119
95 120
95 121
95 122
95 124
95 125
95 126
95 127
95 128
95 133
95 136
95 142
95 144
95 148
95 150
95 153
95 155
95 159
95 162
95 164
95 165
95 170
95 172
95 174
95 177
95 178
95 179
95 180
95 182
95 183
95 184
95 185
95 187
95 188
95 191
95 192
95 193
95 194
95 196
95 197
95 198
95 199
96 98
96 99
96 102
96 104
96 106
96 107
96 108
96 112
96 113
96 115
96 116
96 122
96 123
96 124
96 127
96 129
96 135
96 137
96 139
96 140
96 141
96 146
96 147
96 153
96 154
96 155
96 156
96 157
96 158
96 159
96 160
96 161
96 162
96 163
96 164
96 165
96 169
96 170
96 171
96 173
96 174
96 176
96 177
96 178
96 180
96 181
96 183
96 187
96 188
96 189
96 192
96 193
96 194
96 200
97 99
97 100
97 101
97 102
97 103
97 104
97 107
97 108
97 110
97 113
97 116
97 119
97 120
97 122
97 123
97 125
97 127
97 131
97 132
97 133
97 136
97 138
97 141
97 143
97 145
97 146
97 147
97 148
97 149
97 150
97 152
97 154
97 156
97 157
97 158
97 159
97 160
97 161
97 163
97 164
97 166
97 169
97 170
97 171
97 173
97 177
97 179
97 181
97 182
97 184
97 185
97 189
97 190
97 193
97 194
97 195
97 196
97 199
97 200
98 99
98 101
98 105
98 106
98 110
98 114
98 117
98 118
98 119
98 120
98 121
98 124
98 125
98 126
98 127
98 131
98 134
98 136
98 137
98 140
98 141
98 143
98 144
98 145
98 146
98 147
98 152
98 156
98 157
98 158
98 159
98 161
98 167
98 168
98 170
98 172
98 173
98 174
98 178
98 179
98 181
98 182
98 183
98 184
98 185
98 188
98 189
98 190
98 191
98 192
98 194
98 195
98 197
98 199
98 200
99 101
99 103
99 108
99 109
99 113
99 114
99 115
99 116
99 117
99 119
99 121
99 125
99 127
99 128
99 129
99 131
99 134
99 137
99 139
99 142
99 146
99 147
99 148
99 152
99 156
99 157
99 158
99 159
99 163
99 165
99 166
99 167
99 183
99 184
99 186
99 188
99 189
99 190
99 192
99 194
99 195
99 196
100 101
100 103
100 104
100 105
100 106
100 107
100 108
100 109
100 110
100 111
100 113
100 115
100 118
100 119
100 120
100 121
100 122
100 124
100 126
100 128
100 131
100 132
100 133
100 138
100 139
100 140
100 141
100 143
100 151
100 152
100 153
100 154
100 157
100 159
100 160
100 161
100 165
100 168
100 169
100 170
100 173
100 175
100 176
100 178
100 181
100 182
100 183
100 184
100 185
100 186
100 187
100 191
100 192
100 194
100 195
100 196
100 197
100 198
101 103
101 104
101 105
101 106
101 109
101 110
101 113
101 115
101 117
101 118
101 119
101 120
101 121
101 122
101 125
101 126
101 127
101 128
101 131
101 135
101 136
101 137
101 138
101 139
101 140
101 141
101 143
101 148
101 149
101 150
101 156
101 157
101 158
101 160
101 161
101 163
101 164
101 166
101 171
101 172
101 175
101 178
101 179
101 182
101 185
101 186
101 191
101 195
101 196
101 197
101 199
102 105
102 108
102 112
102 114
102 116
102 117
102 118
102 120
102 121
102 129
102 136
102 141
102 142
102 143
102 144
102 146
102 148
102 151
102 152
102 153
102 154
102 155
102 156
102 157
102 158
102 159
102 160
102 161
102 162
102 163
102 164
102 165
102 167
102 168
102 170
102 171
102 172
102 175
102 177
102 178
102 180
102 182
102 184
102 186
102 188
102 189
102 193
102 196
102 198
103 107
103 109
103 110
103 113
103 114
103 118
103 120
103 126
103 127
103 129
103 133
103 134
103 136
103 137
103 138
103 139
103 141
103 142
103 145
103 146
103 147
103 148
103 150
103 153
103 154
103 160
103 162
103 163
103 164
103 166
103 168
103 169
103 171
103 173
103 174
103 178
103 179
103 180
103 181
103 183
103 185
103 188
103 190
103 194
103 199
103 200
104 107
104 109
104 113
104 115
104 119
104 120
104 122
104 127
104 129
104 130
104 132
104 133
104 134
104 135
104 137
104 140
104 143
104 150
104 151
104 152
104 153
104 154
104 155
104 156
104 157
104 161
104 164
104 166
104 167
104 168
104 169
104 170
104 173
104 174
104 177
104 183
104 184
104 185
104 188
104 189
104 191
104 193
104 194
104 195
104 196
105 106
105 107
105 109
105 112
105 115
105 118
105 119
105 120
105 121
105 122
105 127
105 128
105 129
105 130
105 133
105 134
105 135
105 136
105 139
105 140
105 142
105 149
105 150
105 153
105 156
105 161
105 162
105 166
105 169
105 170
105 173
105 176
105 178
105 179
105 182
105 184
105 185
105 186
105 187
105 189
105 190
105 199
105 200
106 108
106 109
106 110
106 111
106 115
106 116
106 118
106 119
106 121
106 123
106 127
106 131
106 132
106 134
106 135
106 136
106 138
106 146
106 150
106 152
106 153
106 155
106 158
106 160
106 161
106 162
106 164
106 166
106 167
106 168
106 169
106 170
106 171
106 172
106 173
106 174
106 176
106 179
106 181
106 186
106 190
106 191
106 192
106 194
106 195
106 196
106 197
107 108
107 109
107 110
107 111
107 113
107 116
107 122
107 125
107 131
107 132
107 133
107 136
107 140
107 142
107 143
107 144
107 146
107 147
107 149
107 150
107 162
107 164
107 165
107 168
107 169
107 170
107 172
107 174
107 178
107 181
107 184
107 187
107 188
107 191
107 192
107 193
107 194
107 196
107 198
107 200
108 110
108 115
108 116
108 118
108 119
108 120
108 122
108 125
108 127
108 128
108 130
108 132
108 134
108 138
108 139
108 142
108 146
108 147
108 149
108 151
108 152
108 153
108 154
108 155
108 157
108 158
108 160
108 163
108 165
108 166
108 167
108 168
108 171
108 175
108 177
108 181
108 182
108 183
108 186
108 187
108 190
108 191
108 193
108 196
108 198
109 112
109 117
109 121
109 122
109 123
109 125
109 127
109 128
109 131
109 133
109 134
109 135
109 137
109 139
109 142
109 143
109 145
109 146
109 149
109 152
109 153
109 155
109 156
109 160
109 162
109 163
109 164
109 165
109 169
109 170
109 172
109 174
109 176
109 179
109 181
109 183
109 187
109 191
109 193
109 194
109 195
109 197
109 198
109 199
110 112
110 115
110 117
110 118
110 120
110 121
110 122
110 123
110 126
110 128
110 129
110 131
110 132
110 134
110 137
110 138
110 139
110 146
110 151
110 157
110 158
110 159
110 161
110 162
110 163
110 166
110 168
110 169
110 170
110 172
110 173
110 175
110 177
110 178
110 180
110 181
110 182
110 183
110 184
110 185
110 187
110 189
110 190
110 197
110 199
111 113
111 114
111 115
111 116
111 118
111 120
111 121
111 123
111 125
111 127
111 128
111 130
111 132
111 134
111 135
111 137
111 138
111 139
111 145
111 146
111 147
111 149
111 151
111 155
111 156
111 157
111 159
111 160
111 162
111 166
111 170
111 173
111 176
111 177
111 179
111 183
111 185
111 187
111 191
111 194
112 116
112 118
112 121
112 122
112 124
112 126
112 127
112 128
112 129
112 131
112 133
112 136
112 137
112 138
112 139
112 140
112 141
112 143
112 144
112 146
112 147
112 148
112 150
112 151
112 152
112 153
112 154
112 156
112 157
112 158
112 162
112 164
112 165
112 166
112 170
112 171
112 172
112 173
112 175
112 177
112 179
112 181
112 183
112 185
112 187
112 189
112 190
112 191
112 192
112 194
112 196
112 199
113 117
113 119
113 120
113 122
113 127
113 128
113 130
113 133
113 135
113 138
113 139
113 141
113 142
113 143
113 145
113 148
113 150
113 154
113 157
113 159
113 160
113 161
113 166
113 167
113 173
113 176
113 181
113 183
113 184
113 185
113 186
113 187
113 188
113 189
113 190
113 192
113 193
113 195
113 196
113 199
114 121
114 124
114 126
114 127
114 128
114 130
114 131
114 135
114 137
114 139
114 140
114 141
114 142
114 143
114 145
114 152
114 154
114 156
114 158
114 160
114 162
114 163
114 167
114 168
114 172
114 173
114 175
114 182
114 183
114 184
114 186
114 191
114 192
114 195
114 199
115 118
115 119
115 121
115 124
115 127
115 128
115 129
115 131
115 136
115 137
115 138
115 139
115 141
115 142
115 144
115 146
115 150
115 152
115 153
115 159
115 160
115 162
115 163
115 164
115 165
115 169
115 170
115 174
115 179
115 181
115 182
115 184
115 187
115 192
115 193
115 194
115 197
115 199
115 200
116 117
116 118
116 119
116 120
116 122
116 123
116 125
116 127
116 128
116 130
116 133
116 134
116 137
116 139
116 140
116 142
116 143
116 144
116 145
116 151
116 153
116 155
116 156
116 157
116 160
116 161
116 163
116 165
116 166
116 170
116 171
116 174
116 175
116 176
116 177
116 179
116 180
116 184
116 185
116 186
116 189
116 191
116 196
116 197
116 198
116 200
117 119
117 120
117 121
117 123
117 126
117 128
117 129
117 131
117 133
117 135
117 136
117 137
117 138
117 140
117 144
117 146
117 147
117 148
117 149
117 150
117 151
117 153
117 155
117 156
117 157
117 158
117 159
117 161
117 164
117 165
117 166
117 169
117 170
117 172
117 173
117 176
117 177
117 179
117 181
117 183
117 188
117 189
117 190
117 191
117 193
117 194
117 195
117 197
117 199
118 119
118 120
118 121
118 123
118 124
118 127
118 128
118 131
118 132
118 133
118 134
118 135
118 136
118 140
118 141
118 142
118 146
118 148
118 149
118 150
118 154
118 157
118 158
118 159
118 160
118 163
118 164
118 165
118 168
118 169
118 173
118 176
118 178
118 180
118 185
118 189
118 190
118 192
118 193
118 194
118 197
118 199
119 121
119 125
119 126
119 130
119 133
119 134
119 136
119 137
119 139
119 140
119 144
119 145
119 146
119 147
119 148
119 150
119 156
119 157
119 159
119 160
119 161
119 162
119 164
119 170
119 171
119 172
119 174
119 176
119 178
119 180
119 181
119 183
119 184
119 186
119 189
119 190
119 191
119 194
119 195
119 196
119 197
119 199
120 121
120 123
120 124
120 125
120 126
120 129
120 130
120 131
120 133
120 135
120 137
120 138
120 142
120 145
120 147
120 152
120 154
120 155
120 157
120 158
120 162
120 165
120 166
120 173
120 179
120 182
120 184
120 185
120 186
120 187
120 190
120 192
120 195
120 196
120 197
120 198
120 199
120 200
121 122
121 123
121 124
121 126
121 127
121 128
121 130
121 134
121 136
121 138
121 142
121 144
121 145
121 149
121 150
121 151
121 155
121 157
121 158
121 159
121 160
121 162
121 165
121 167
121 168
121 170
121 175
121 176
121 177
121 178
121 179
121 183
121 189
121 191
121 193
121 194
122 123
122 128
122 129
122 130
122 132
122 135
122 136
122 139
122 142
122 144
122 145
122 147
122 148
122 150
122 151
122 153
122 154
122 156
122 157
122 158
122 163
122 166
122 167
122 169
122 170
122 172
122 174
122 176
122 177
122 178
122 180
122 184
122 185
122 189
122 197
123 124
123 125
123 126
123 127
123 129
123 131
123 132
123 135
123 138
123 139
123 140
123 141
123 142
123 149
123 150
123 151
123 152
123 153
123 154
123 158
123 160
123 161
123 162
123 164
123 169
123 170
123 171
123 173
123 176
123 178
123 179
123 180
123 184
123 185
123 188
123 189
123 194
123 197
124 125
124 130
124 131
124 139
124 140
124 141
124 142
124 146
124 147
124 150
124 152
124 153
124 155
124 158
124 159
124 163
124 165
124 166
124 168
124 169
124 171
124 173
124 174
124 175
124 176
124 179
124 181
124 182
124 183
124 190
124 191
124 195
124 196
124 197
124 198
125 126
125 127
125 128
125 129
125 130
125 133
125 137
125 138
125 139
125 140
125 141
125 143
125 146
125 147
125 149
125 150
125 151
125 154
125 159
125 160
125 161
125 162
125 165
125 169
125 171
125 172
125 174
125 175
125 180
125 181
125 183
125 184
125 185
125 186
125 187
125 188
125 189
125 190
125 191
125 194
125 195
125 197
125 198
126 127
126 129
126 130
126 131
126 133
126 134
126 138
126 140
126 142
126 147
126 148
126 150
126 152
126 153
126 154
126 155
126 160
126 162
126 164
126 167
126 170
126 171
126 174
126 176
126 177
126 178
126 181
126 182
126 183
126 189
126 192
126 193
126 196
126 199
127 128
127 130
127 133
127 134
127 135
127 136
127 137
127 138
127 141
127 143
127 144
127 145
127 146
127 148
127 149
127 150
127 151
127 152
127 159
127 161
127 162
127 164
127 169
127 174
127 176
127 177
127 179
127 190
127 191
127 193
127 194
127 195
127 196
127 197
127 198
127 199
127 200
128 129
128 131
128 132
128 133
128 134
128 135
128 139
128 142
128 145
128 147
128 148
128 149
128 151
128 153
128 156
128 157
128 158
128 161
128 162
128 164
128 165
128 166
128 167
128 168
128 169
128 171
128 172
128 173
128 174
128 175
128 177
128 182
128 183
128 186
128 187
128 188
128 190
128 195
128 196
128 197
129 130
129 131
129 132
129 136
129 137
129 138
129 139
129 141
129 143
129 144
129 150
129 155
129 156
129 157
129 160
129 161
129 162
129 164
129 168
129 169
129 170
129 171
129 172
129 178
129 180
129 183
129 186
129 188
129 189
129 193
129 195
129 196
129 197
129 199
130 131
130 133
130 134
130 135
130 138
130 139
130 142
130 143
130 146
130 147
130 149
130 152
130 154
130 156
130 157
130 158
130 159
130 161
130 162
130 164
130 166
130 167
130 169
130 171
130 172
130 173
130 175
130 176
130 177
130 179
130 182
130 185
130 189
130 190
130 195
130 196
130 199
130 200
131 138
131 141
131 143
131 146
131 147
131 149
131 150
131 151
131 152
131 153
131 155
131 157
131 162
131 165
131 167
131 168
131 170
131 172
131 173
131 174
131 175
131 178
131 183
131 188
131 189
131 191
131 192
131 193
131 195
132 133
132 135
132 136
132 137
132 138
132 139
132 140
132 142
132 143
132 145
132 148
132 149
132 151
132 155
132 156
132 160
132 161
132 163
132 166
132 167
132 168
132 176
132 178
132 179
132 180
132 181
132 183
132 187
132 188
132 189
132 190
132 193
132 194
132 196
133 135
133 138
133 139
133 141
133 143
133 144
133 145
133 146
133 148
133 149
133 150
133 151
133 160
133 164
133 165
133 166
133 167
133 168
133 171
133 172
133 177
133 178
133 179
133 180
133 183
133 185
133 188
133 193
133 195
133 197
133 198
133 199
133 200
134 135
134 136
134 137
134 139
134 140
134 142
134 144
134 148
134 150
134 151
134 154
134 155
134 159
134 160
134 164
134 168
134 173
134 174
134 175
134 176
134 177
134 178
134 185
134 186
134 187
134 188
134 189
134 191
134 192
134 194
134 195
134 197
134 198
134 199
134 200
135 136
135 138
135 140
135 141
135 142
135 147
135 149
135 150
135 151
135 154
135 158
135 159
135 160
135 162
135 163
135 165
135 167
135 168
135 172
135 173
135 175
135 176
135 177
135 179
135 182
135 187
135 191
135 193
135 197
135 199
135 200
136 138
136 140
136 142
136 143
136 144
136 147
136 149
136 150
136 152
136 154
136 155
136 157
136 158
136 160
136 161
136 162
136 163
136 165
136 166
136 167
136 168
136 170
136 173
136 174
136 175
136 176
136 179
136 180
136 182
136 183
136 185
136 189
136 191
136 192
136 193
136 194
136 195
136 198
136 199
137 140
137 141
137 142
137 145
137 146
137 147
137 148
137 149
137 150
137 152
137 155
137 158
137 160
137 161
137 162
137 164
137 165
137 166
137 167
137 168
137 170
137 172
137 174
137 178
137 179
137 180
137 182
137 185
137 186
137 187
137 188
137 190
137 192
137 194
137 195
137 196
138 139
138 140
138 142
138 145
138 147
138 149
138 151
138 152
138 154
138 156
138 160
138 164
138 165
138 167
138 169
138 171
138 172
138 173
138 174
138 175
138 176
138 177
138 179
138 182
138 183
138 184
138 186
138 189
138 190
138 191
138 192
138 193
138 194
138 196
138 198
138 199
138 200
139 140
139 143
139 144
139 145
139 148
139 149
139 153
139 154
139 157
139 158
139 159
139 162
139 165
139 166
139 168
139 170
139 173
139 174
139 175
139 177
139 178
139 179
139 180
139 181
139 182
139 183
139 189
139 190
139 192
139 195
139 197
139 198
139 199
139 200
140 142
140 143
140 144
140 145
140 147
140 149
140 150
140 151
140 154
140 156
140 157
140 159
140 162
140 163
140 166
140 168
140 170
140 171
140 172
140 173
140 177
140 181
140 183
140 184
140 185
140 186
140 190
140 193
140 194
140 196
140 198
140 200
141 143
141 145
141 148
141 149
141 152
141 153
141 156
141 157
141 159
141 160
141 162
141 163
141 168
141 169
141 170
141 171
141 174
141 176
141 177
141 179
141 181
141 182
141 183
141 185
141 187
141 190
141 191
141 199
141 200
142 145
142 147
142 148
142 149
142 154
142 155
142 157
142 160
142 164
142 167
142 172
142 173
142 175
142 176
142 178
142 181
142 185
142 188
142 192
143 146
143 147
143 148
143 151
143 152
143 153
143 154
143 155
143 156
143 158
143 159
143 161
143 164
143 166
143 167
143 170
143 173
143 176
143 177
143 178
143 180
143 183
143 184
143 185
143 188
143 189
143 190
143 191
143 193
143 195
143 196
143 197
143 199
143 200
144 145
144 146
144 147
144 149
144 150
144 151
144 153
144 156
144 158
144 160
144 161
144 163
144 168
144 170
144 171
144 173
144 175
144 178
144 180
144 182
144 184
144 185
144 188
144 189
144 191
144 193
144 196
144 200
145 146
145 147
145 148
145 154
145 156
145 158
145 159
145 160
145 161
145 162
145 167
145 169
145 170
145 175
145 176
145 177
145 180
145 183
145 186
145 189
145 190
145 191
145 193
145 194
145 196
145 200
146 147
146 150
146 151
146 152
146 155
146 159
146 160
146 162
146 163
146 165
146 170
146 177
146 179
146 180
146 181
146 190
146 194
146 195
146 196
146 197
146 198
146 200
147 150
147 154
147 155
147 158
147 159
147 161
147 162
147 164
147 166
147 167
147 168
147 169
147 173
147 174
147 175
147 177
147 180
147 181
147 183
147 184
147 185
147 186
147 187
147 188
147 190
147 191
147 192
147 195
147 197
148 152
148 153
148 154
148 155
148 156
148 157
148 158
148 164
148 165
148 166
148 167
148 168
148 172
148 174
148 175
148 176
148 178
148 179
148 181
148 182
148 184
148 186
148 188
148 189
148 192
148 196
148 197
148 198
149 151
149 152
149 159
149 160
149 161
149 162
149 163
149 165
149 168
149 169
149 170
149 171
149 173
149 174
149 175
149 176
149 179
149 183
149 184
149 185
149 187
149 188
149 192
149 193
149 194
149 196
149 200
150 151
150 152
150 154
150 156
150 159
150 160
150 161
150 165
150 166
150 172
150 177
150 180
150 185
150 187
150 188
150 192
150 196
150 197
150 199
151 152
151 154
151 155
151 157
151 158
151 159
151 161
151 164
151 169
151 170
151 172
151 178
151 181
151 183
151 184
151 185
151 187
151 189
151 192
151 198
151 200
152 155
152 158
152 159
152 162
152 163
152 164
152 165
152 169
152 170
152 173
152 174
152 175
152 176
152 177
152 179
152 181
152 182
152 183
152 184
152 189
152 190
152 191
152 195
152 196
152 199
152 200
153 154
153 155
153 157
153 159
153 162
153 166
153 167
153 169
153 173
153 174
153 175
153 176
153 177
153 178
153 179
153 181
153 182
153 183
153 184
153 187
153 188
153 189
153 192
153 195
153 197
153 200
154 157
154 159
154 161
154 163
154 167
154 168
154 169
154 173
154 174
154 175
154 176
154 178
154 179
154 180
154 181
154 182
154 183
154 188
154 191
154 192
154 196
154 198
155 156
155 159
155 160
155 161
155 163
155 168
155 171
155 177
155 178
155 179
155 180
155 181
155 183
155 184
155 186
155 188
155 190
155 192
155 199
156 163
156 164
156 168
156 170
156 173
156 174
156 175
156 176
156 186
156 187
156 189
156 190
156 191
156 192
156 199
157 161
157 162
157 165
157 170
157 173
157 175
157 177
157 178
157 179
157 180
157 181
157 182
157 183
157 184
157 185
157 188
157 191
157 192
157 193
157 194
157 195
157 196
157 197
157 198
157 199
157 200
158 160
158 163
158 164
158 166
158 168
158 170
158 172
158 174
158 175
158 176
158 178
158 179
158 180
158 182
158 183
158 184
158 187
158 188
158 190
158 193
158 195
158 196
158 197
158 200
159 160
159 164
159 166
159 167
159 168
159 170
159 172
159 174
159 175
159 181
159 183
159 184
159 186
159 189
159 190
159 191
159 193
159 194
159 195
159 196
159 198
159 199
159 200
160 162
160 168
160 170
160 171
160 172
160 173
160 176
160 177
160 179
160 180
160 181
160 182
160 183
160 184
160 188
160 189
160 190
160 192
160 195
160 196
160 200
161 162
161 163
161 166
161 167
161 169
161 170
161 171
161 173
161 175
161 177
161 178
161 181
161 188
161 189
161 191
161 193
161 196
161 198
161 199
161 200
162 163
162 164
162 165
162 167
162 171
162 177
162 178
162 179
162 180
162 183
162 189
162 192
162 193
162 194
162 197
162 198
162 200
163 166
163 170
163 171
163 172
163 175
163 177
163 178
163 180
163 183
163 188
163 192
163 193
163 194
163 195
163 196
163 197
163 199
163 200
164 165
164 166
164 168
164 169
164 170
164 171
164 172
164 173
164 174
164 176
164 177
164 178
164 179
164 181
164 182
164 183
164 184
164 187
164 188
164 189
164 194
164 195
164 196
164 198
165 166
165 167
165 168
165 171
165 172
165 174
165 179
165 182
165 183
165 184
165 185
165 186
165 187
165 188
165 191
165 192
165 193
165 196
165 197
165 198
165 200
166 168
166 172
166 174
166 175
166 176
166 177
166 178
166 179
166 183
166 184
166 185
166 186
166 187
166 189
166 191
166 192
166 193
166 196
166 199
167 169
167 170
167 175
167 176
167 177
167 178
167 179
167 180
167 181
167 186
167 187
167 193
167 194
167 196
167 198
168 172
168 176
168 177
168 182
168 183
168 187
168 189
168 190
168 194
168 195
168 196
168 198
168 199
169 171
169 172
169 174
169 177
169 180
169 182
169 184
169 185
169 186
169 188
169 190
169 193
169 194
169 195
169 197
169 198
169 199
169 200
170 171
170 172
170 173
170 174
170 176
170 177
170 178
170 179
170 181
170 182
170 183
170 184
170 186
170 191
170 194
170 195
170 197
170 199
170 200
171 175
171 176
171 179
171 181
171 182
171 183
171 187
171 188
171 189
171 190
171 192
171 193
171 199
172 173
172 176
172 178
172 180
172 181
172 182
172 183
172 187
172 188
172 192
172 193
172 195
172 197
172 198
172 200
173 174
173 176
173 180
173 181
173 182
173 183
173 185
173 186
173 187
173 188
173 189
173 190
173 193
173 195
173 196
173 198
174 176
174 177
174 178
174 180
174 181
174 183
174 184
174 185
174 190
174 191
174 192
174 193
174 194
174 196
174 197
175 176
175 179
175 183
175 187
175 191
175 194
175 195
175 197
175 199
176 177
176 179
176 180
176 186
176 187
176 189
176 192
176 193
176 194
176 195
176 196
176 197
176 199
177 178
177 182
177 183
177 186
177 188
177 191
177 195
177 197
177 199
178 179
178 181
178 184
178 185
178 190
178 191
178 192
178 193
178 194
178 196
178 199
178 200
179 180
179 181
179 182
179 187
179 189
179 190
179 191
179 192
179 193
179 195
179 196
179 198
179 199
179 200
180 183
180 184
180 185
180 187
180 188
180 192
180 193
180 194
180 195
180 196
180 197
180 199
180 200
181 185
181 187
181 188
181 194
181 195
181 196
181 198
181 200
182 183
182 186
182 187
182 188
182 192
182 193
182 194
182 195
182 196
182 199
182 200
183 184
183 190
183 191
183 193
183 198
183 200
184 186
184 187
184 188
184 192
184 193
184 195
184 197
184 198
184 199
184 200
185 186
185 187
185 188
185 189
185 192
185 193
185 194
185 197
185 198
186 187
186 189
186 193
186 194
186 195
186 196
186 197
186 198
187 188
187 190
187 192
187 194
187 198
188 190
188 191
188 194
188 195
188 196
188 197
188 198
189 190
189 191
189 192
189 194
189 195
189 196
189 197
189 200
190 191
190 192
190 193
190 194
190 195
190 197
191 192
191 196
191 197
191 198
191 199
191 200
192 193
192 196
193 194
193 195
193 199
193 200
194 195
194 197
194 200
195 197
195 198
195 200
196 197
197 198
198 200
