200
1 4
1 5
1 6
1 10
1 11
1 12
1 13
1 14
1 16
1 18
1 19
1 21
1 22
1 25
1 26
1 27
1 29
1 30
1 31
1 33
1 35
1 37
1 38
1 39
1 40
1 47
1 52
1 54
1 56
1 58
1 59
1 60
1 61
1 62
1 63
1 65
1 67
1 69
1 71
1 74
1 78
1 79
1 82
1 83
1 86
1 87
1 89
1 90
1 94
1 96
1 98
1 99
1 100
1 101
1 103
1 105
1 106
1 108
1 109
1 110
1 111
1 112
1 113
1 114
1 115
1 116
1 120
1 121
1 123
1 124
1 125
1 128
1 129
1 130
1 131
1 132
1 133
1 135
1 136
1 138
1 140
1 141
1 145
1 146
1 147
1 148
1 149
1 150
1 151
1 152
1 153
1 156
1 158
1 162
1 163
1 167
1 169
1 170
1 171
1 173
1 174
1 180
1 181
1 182
1 184
1 185
1 186
1 194
1 197
1 198
2 3
2 4
2 5
2 8
2 9
2 11
2 12
2 13
2 14
2 18
2 19
2 21
2 22
2 24
2 25
2 30
2 31
2 35
2 36
2 37
2 38
2 41
2 43
2 44
2 45
2 46
2 47
2 48
2 51
2 53
2 54
2 55
2 61
2 63
2 64
2 68
2 70
2 71
2 72
2 73
2 77
2 78
2 79
2 81
2 85
2 86
2 87
2 88
2 89
2 90
2 92
2 93
2 94
2 97
2 98
2 99
2 100
2 102
2 103
2 104
2 105
2 106
2 107
2 108
2 109
2 111
2 114
2 115
2 116
2 119
2 121
2 122
2 123
2 124
2 126
2 127
2 128
2 131
2 133
2 135
2 136
2 137
2 142
2 143
2 150
2 152
2 154
2 157
2 158
2 159
2 160
2 164
2 166
2 173
2 174
2 175
2 176
2 177
2 178
2 180
2 183
2 186
2 188
2 189
2 190
2 192
2 198
3 4
3 5
3 7
3 9
3 14
3 16
3 19
3 23
3 28
3 31
3 32
3 33
3 34
3 35
3 37
3 40
3 43
3 44
3 50
3 52
3 53
3 54
3 55
3 56
3 57
3 58
3 61
3 62
3 63
3 70
3 71
3 72
3 73
3 76
3 80
3 81
3 86
3 87
3 88
3 91
3 92
3 93
3 94
3 97
3 101
3 102
3 103
3 104
3 105
3 106
3 109
3 111
3 113
3 114
3 116
3 118
3 121
3 123
3 124
3 125
3 126
3 127
3 130
3 132
3 134
3 136
3 138
3 139
3 140
3 141
3 143
3 145
3 146
3 147
3 148
3 149
3 151
3 154
3 155
3 156
3 159
3 161
3 164
3 165
3 167
3 169
3 171
3 172
3 173
3 174
3 175
3 178
3 180
3 181
3 182
3 184
3 186
3 188
3 190
3 191
3 192
3 193
3 194
3 195
3 196
3 199
3 200
4 8
4 9
4 13
4 15
4 17
4 18
4 19
4 21
4 22
4 23
4 24
4 30
4 31
4 33
4 35
4 39
4 42
4 44
4 45
4 46
4 47
4 48
4 49
4 51
4 53
4 55
4 56
4 58
4 59
4 61
4 68
4 71
4 73
4 74
4 75
4 76
4 80
4 82
4 83
4 84
4 85
4 88
4 92
4 95
4 96
4 102
4 104
4 106
4 109
4 112
4 113
4 114
4 118
4 121
4 123
4 124
4 128
4 131
4 133
4 136
4 137
4 140
4 141
4 145
4 146
4 147
4 148
4 150
4 151
4 152
4 153
4 156
4 157
4 158
4 160
4 161
4 164
4 168
4 172
4 174
4 178
4 179
4 182
4 183
4 184
4 185
4 186
4 190
4 193
4 195
4 196
4 198
5 7
5 14
5 17
5 18
5 19
5 24
5 25
5 26
5 27
5 28
5 30
5 32
5 33
5 34
5 36
5 37
5 38
5 39
5 41
5 42
5 44
5 47
5 48
5 49
5 51
5 55
5 56
5 57
5 61
5 63
5 66
5 67
5 68
5 70
5 71
5 72
5 76
5 78
5 81
5 86
5 87
5 88
5 89
5 91
5 94
5 98
5 100
5 102
5 104
5 105
5 106
5 117
5 118
5 121
5 122
5 128
5 129
5 135
5 136
5 137
5 138
5 139
5 141
5 142
5 145
5 149
5 152
5 155
5 158
5 159
5 162
5 166
5 167
5 168
5 170
5 171
5 172
5 174
5 175
5 177
5 180
5 182
5 185
5 186
5 187
5 197
5 199
5 200
6 7
6 8
6 10
6 13
6 17
6 19
6 20
6 21
6 29
6 32
6 34
6 35
6 39
6 40
6 42
6 43
6 44
6 45
6 46
6 47
6 49
6 51
6 53
6 54
6 56
6 58
6 60
6 61
6 70
6 71
6 77
6 78
6 80
6 83
6 84
6 85
6 88
6 89
6 93
6 94
6 96
6 97
6 99
6 100
6 101
6 102
6 105
6 108
6 109
6 112
6 114
6 117
6 118
6 119
6 121
6 123
6 125
6 126
6 127
6 130
6 131
6 132
6 134
6 135
6 136
6 137
6 138
6 140
6 146
6 148
6 152
6 154
6 156
6 158
6 159
6 166
6 168
6 169
6 172
6 173
6 174
6 175
6 176
6 183
6 185
6 186
6 187
6 189
6 192
6 200
7 11
7 12
7 13
7 15
7 16
7 17
7 18
7 19
7 20
7 21
7 22
7 23
7 26
7 27
7 29
7 30
7 31
7 33
7 34
7 36
7 37
7 38
7 39
7 41
7 42
7 43
7 45
7 46
7 50
7 52
7 53
7 54
7 56
7 58
7 60
7 62
7 63
7 64
7 66
7 72
7 73
7 74
7 79
7 80
7 81
7 82
7 91
7 93
7 94
7 96
7 99
7 100
7 102
7 104
7 105
7 108
7 110
7 114
7 117
7 120
7 122
7 124
7 127
7 128
7 132
7 136
7 137
7 140
7 141
7 142
7 143
7 144
7 147
7 148
7 150
7 151
7 152
7 153
7 154
7 156
7 157
7 158
7 160
7 165
7 166
7 167
7 169
7 170
7 171
7 172
7 174
7 177
7 180
7 181
7 182
7 186
7 188
7 193
7 194
7 198
7 200
8 9
8 10
8 12
8 14
8 16
8 17
8 19
8 21
8 22
8 23
8 24
8 26
8 28
8 29
8 31
8 33
8 36
8 37
8 39
8 42
8 48
8 50
8 52
8 54
8 56
8 60
8 62
8 65
8 67
8 68
8 69
8 71
8 72
8 74
8 75
8 77
8 78
8 80
8 84
8 85
8 88
8 92
8 93
8 95
8 96
8 97
8 101
8 102
8 103
8 104
8 105
8 107
8 110
8 113
8 115
8 117
8 118
8 119
8 120
8 121
8 124
8 126
8 128
8 131
8 132
8 133
8 137
8 138
8 139
8 140
8 141
8 142
8 143
8 145
8 146
8 147
8 155
8 156
8 158
8 161
8 163
8 166
8 167
8 168
8 172
8 173
8 177
8 178
8 179
8 180
8 181
8 182
8 183
8 185
8 187
8 188
8 189
8 190
8 191
8 193
8 195
8 197
8 199
9 12
9 13
9 15
9 16
9 17
9 22
9 25
9 27
9 35
9 38
9 39
9 41
9 42
9 43
9 45
9 46
9 49
9 51
9 52
9 54
9 55
9 56
9 57
9 59
9 60
9 61
9 62
9 64
9 66
9 67
9 69
9 74
9 75
9 76
9 78
9 81
9 82
9 83
9 84
9 86
9 88
9 89
9 91
9 93
9 94
9 95
9 96
9 99
9 100
9 101
9 102
9 104
9 105
9 106
9 108
9 111
9 112
9 113
9 114
9 115
9 116
9 118
9 119
9 120
9 121
9 124
9 125
9 126
9 128
9 131
9 132
9 133
9 134
9 141
9 142
9 143
9 150
9 152
9 153
9 157
9 158
9 159
9 160
9 161
9 165
9 167
9 168
9 169
9 170
9 171
9 174
9 176
9 177
9 179
9 180
9 181
9 182
9 183
9 185
9 186
9 188
9 192
9 194
9 197
9 198
9 199
10 12
10 16
10 17
10 18
10 19
10 20
10 21
10 22
10 25
10 27
10 29
10 32
10 33
10 36
10 43
10 44
10 45
10 46
10 50
10 51
10 52
10 55
10 58
10 60
10 61
10 66
10 68
10 69
10 71
10 72
10 73
10 77
10 80
10 83
10 89
10 91
10 94
10 95
10 96
10 98
10 100
10 101
10 102
10 103
10 105
10 106
10 110
10 111
10 113
10 116
10 117
10 118
10 119
10 121
10 123
10 125
10 127
10 129
10 130
10 131
10 135
10 136
10 138
10 139
10 144
10 145
10 149
10 150
10 152
10 153
10 154
10 155
10 156
10 157
10 159
10 161
10 163
10 164
10 165
10 168
10 169
10 170
10 171
10 173
10 174
10 175
10 177
10 180
10 181
10 182
10 184
10 186
10 189
10 190
10 193
10 194
10 195
10 197
10 198
10 199
10 200
11 14
11 15
11 16
11 19
11 24
11 26
11 28
11 29
11 35
11 37
11 39
11 41
11 45
11 46
11 47
11 49
11 55
11 57
11 58
11 59
11 61
11 62
11 65
11 70
11 72
11 75
11 76
11 78
11 79
11 80
11 81
11 83
11 86
11 93
11 94
11 96
11 97
11 99
11 100
11 101
11 104
11 107
11 109
11 114
11 116
11 118
11 119
11 120
11 121
11 122
11 123
11 126
11 127
11 128
11 129
11 130
11 133
11 134
11 136
11 137
11 138
11 141
11 145
11 146
11 147
11 151
11 152
11 153
11 155
11 157
11 158
11 159
11 164
11 165
11 169
11 172
11 175
11 177
11 180
11 182
11 184
11 185
11 187
11 189
11 190
11 192
11 193
11 197
12 13
12 15
12 16
12 19
12 22
12 23
12 28
12 30
12 31
12 32
12 34
12 36
12 39
12 40
12 42
12 43
12 44
12 45
12 46
12 47
12 49
12 54
12 57
12 60
12 62
12 65
12 68
12 70
12 72
12 73
12 74
12 78
12 88
12 89
12 91
12 92
12 94
12 95
12 96
12 98
12 101
12 103
12 105
12 109
12 110
12 112
12 113
12 115
12 116
12 119
12 120
12 125
12 127
12 128
12 129
12 130
12 133
12 134
12 136
12 137
12 138
12 139
12 140
12 142
12 144
12 145
12 147
12 148
12 151
12 154
12 155
12 156
12 157
12 159
12 160
12 162
12 163
12 164
12 169
12 170
12 171
12 172
12 174
12 176
12 177
12 178
12 179
12 180
12 181
12 184
12 185
12 186
12 187
12 188
12 189
12 192
12 193
12 194
12 195
12 196
12 197
12 198
12 199
13 14
13 16
13 17
13 20
13 21
13 22
13 24
13 25
13 27
13 29
13 31
13 33
13 34
13 36
13 41
13 42
13 43
13 47
13 50
13 51
13 52
13 53
13 54
13 57
13 58
13 61
13 63
13 64
13 65
13 66
13 69
13 72
13 73
13 74
13 75
13 77
13 80
13 82
13 83
13 84
13 86
13 87
13 88
13 89
13 90
13 91
13 93
13 95
13 96
13 98
13 99
13 100
13 101
13 102
13 104
13 106
13 107
13 110
13 111
13 115
13 119
13 120
13 121
13 123
13 124
13 125
13 126
13 128
13 130
13 134
13 135
13 141
13 144
13 146
13 147
13 149
13 151
13 152
13 154
13 156
13 161
13 162
13 164
13 166
13 167
13 169
13 171
13 174
13 175
13 177
13 179
13 183
13 184
13 185
13 186
13 188
13 189
13 190
13 195
13 198
13 200
14 15
14 16
14 18
14 19
14 20
14 21
14 27
14 29
14 31
14 34
14 35
14 37
14 38
14 40
14 41
14 44
14 46
14 47
14 51
14 52
14 54
14 58
14 60
14 61
14 63
14 64
14 65
14 67
14 69
14 71
14 74
14 78
14 81
14 84
14 85
14 87
14 88
14 89
14 91
14 96
14 97
14 98
14 99
14 101
14 102
14 103
14 106
14 108
14 110
14 111
14 112
14 113
14 114
14 117
14 118
14 121
14 122
14 123
14 124
14 125
14 126
14 131
14 133
14 136
14 137
14 140
14 141
14 145
14 147
14 148
14 149
14 150
14 151
14 152
14 156
14 157
14 158
14 161
14 162
14 165
14 167
14 171
14 174
14 176
14 177
14 178
14 183
14 189
14 193
14 198
15 16
15 17
15 19
15 21
15 22
15 23
15 25
15 26
15 27
15 28
15 29
15 30
15 32
15 33
15 36
15 44
15 47
15 48
15 49
15 51
15 53
15 56
15 58
15 60
15 61
15 73
15 75
15 76
15 77
15 79
15 81
15 85
15 87
15 88
15 92
15 95
15 96
15 98
15 99
15 104
15 106
15 108
15 110
15 111
15 112
15 114
15 115
15 116
15 118
15 121
15 123
15 124
15 135
15 137
15 138
15 140
15 141
15 142
15 144
15 145
15 148
15 149
15 151
15 155
15 166
15 168
15 169
15 171
15 174
15 175
15 176
15 177
15 178
15 181
15 182
15 184
15 185
15 187
15 188
15 190
15 193
15 196
15 200
16 17
16 18
16 19
16 20
16 21
16 25
16 27
16 29
16 30
16 31
16 33
16 35
16 36
16 37
16 38
16 39
16 42
16 43
16 46
16 47
16 48
16 49
16 56
16 58
16 59
16 60
16 61
16 63
16 68
16 70
16 71
16 73
16 76
16 77
16 78
16 81
16 84
16 86
16 90
16 91
16 92
16 93
16 96
16 101
16 102
16 105
16 107
16 109
16 110
16 111
16 113
16 114
16 115
16 116
16 118
16 119
16 120
16 124
16 128
16 131
16 133
16 139
16 141
16 144
16 145
16 149
16 151
16 154
16 155
16 156
16 162
16 165
16 166
16 169
16 170
16 173
16 175
16 176
16 179
16 185
16 186
16 187
16 188
16 189
16 190
16 193
16 197
17 20
17 21
17 22
17 25
17 27
17 28
17 30
17 31
17 32
17 33
17 34
17 41
17 42
17 44
17 46
17 48
17 49
17 53
17 55
17 56
17 57
17 60
17 64
17 65
17 66
17 67
17 68
17 69
17 73
17 75
17 76
17 77
17 78
17 83
17 84
17 85
17 90
17 91
17 93
17 95
17 97
17 98
17 99
17 101
17 102
17 106
17 107
17 108
17 109
17 112
17 114
17 116
17 117
17 118
17 119
17 120
17 122
17 124
17 125
17 126
17 127
17 132
17 135
17 137
17 138
17 139
17 141
17 142
17 143
17 144
17 147
17 148
17 149
17 151
17 152
17 153
17 154
17 158
17 160
17 161
17 164
17 167
17 169
17 170
17 175
17 176
17 180
17 181
17 182
17 187
17 188
17 189
17 190
17 198
17 200
18 20
18 21
18 22
18 23
18 24
18 26
18 27
18 33
18 37
18 38
18 39
18 40
18 41
18 42
18 44
18 47
18 50
18 51
18 52
18 57
18 59
18 60
18 62
18 63
18 64
18 65
18 66
18 67
18 68
18 70
18 75
18 77
18 79
18 80
18 85
18 86
18 87
18 89
18 92
18 93
18 94
18 95
18 97
18 99
18 100
18 101
18 103
18 106
18 108
18 109
18 110
18 112
18 114
18 116
18 118
18 119
18 120
18 121
18 122
18 125
18 126
18 131
18 132
18 134
18 135
18 140
18 141
18 143
18 144
18 145
18 146
18 148
18 152
18 153
18 154
18 155
18 158
18 161
18 164
18 165
18 166
18 168
18 169
18 172
18 174
18 178
18 179
18 181
18 183
18 185
18 187
18 188
18 190
18 192
18 193
18 195
18 197
18 198
18 199
18 200
19 20
19 23
19 24
19 26
19 28
19 29
19 32
19 34
19 38
19 40
19 41
19 43
19 44
19 45
19 46
19 47
19 49
19 51
19 52
19 60
19 61
19 64
19 65
19 67
19 68
19 69
19 71
19 72
19 76
19 77
19 78
19 79
19 81
19 83
19 84
19 91
19 92
19 94
19 97
19 99
19 100
19 107
19 112
19 115
19 118
19 119
19 121
19 124
19 127
19 128
19 130
19 133
19 137
19 138
19 140
19 141
19 144
19 146
19 150
19 151
19 152
19 153
19 154
19 155
19 156
19 157
19 159
19 161
19 162
19 164
19 166
19 167
19 168
19 170
19 173
19 175
19 178
19 182
19 186
19 187
19 189
19 192
19 197
19 198
19 199
20 22
20 24
20 25
20 26
20 27
20 28
20 29
20 32
20 33
20 35
20 37
20 38
20 41
20 43
20 44
20 46
20 47
20 53
20 56
20 57
20 58
20 61
20 64
20 66
20 67
20 68
20 70
20 73
20 74
20 75
20 76
20 77
20 78
20 79
20 80
20 81
20 82
20 84
20 85
20 88
20 89
20 91
20 92
20 93
20 94
20 96
20 97
20 98
20 99
20 100
20 102
20 103
20 104
20 106
20 108
20 111
20 112
20 113
20 114
20 116
20 117
20 121
20 122
20 123
20 125
20 126
20 127
20 131
20 133
20 134
20 135
20 139
20 143
20 144
20 145
20 151
20 152
20 155
20 156
20 158
20 159
20 161
20 163
20 164
20 165
20 167
20 168
20 171
20 173
20 174
20 177
20 179
20 180
20 181
20 183
20 184
20 189
20 190
20 191
20 192
20 193
20 196
20 198
20 200
21 22
21 24
21 26
21 27
21 28
21 32
21 33
21 38
21 40
21 42
21 44
21 47
21 48
21 52
21 55
21 57
21 59
21 60
21 62
21 64
21 65
21 66
21 67
21 70
21 71
21 74
21 76
21 77
21 78
21 80
21 83
21 88
21 92
21 93
21 94
21 96
21 99
21 101
21 105
21 107
21 110
21 111
21 120
21 125
21 127
21 128
21 131
21 136
21 138
21 139
21 145
21 147
21 148
21 149
21 150
21 152
21 153
21 155
21 156
21 157
21 160
21 163
21 166
21 167
21 171
21 172
21 173
21 174
21 175
21 179
21 180
21 181
21 184
21 188
21 191
21 192
21 195
21 198
21 199
22 23
22 25
22 27
22 28
22 30
22 31
22 34
22 36
22 39
22 42
22 44
22 46
22 47
22 49
22 50
22 51
22 56
22 57
22 60
22 61
22 63
22 65
22 66
22 67
22 68
22 71
22 73
22 74
22 75
22 82
22 85
22 86
22 87
22 89
22 94
22 96
22 97
22 98
22 100
22 101
22 102
22 103
22 104
22 107
22 108
22 110
22 111
22 114
22 116
22 120
22 125
22 127
22 130
22 131
22 132
22 138
22 139
22 140
22 143
22 156
22 158
22 162
22 171
22 174
22 175
22 177
22 178
22 179
22 180
22 181
22 182
22 183
22 184
22 185
22 186
22 188
23 26
23 27
23 28
23 30
23 32
23 34
23 36
23 38
23 40
23 41
23 43
23 46
23 49
23 52
23 54
23 58
23 59
23 62
23 63
23 64
23 66
23 70
23 71
23 72
23 73
23 75
23 76
23 77
23 78
23 79
23 81
23 82
23 89
23 92
23 93
23 94
23 98
23 104
23 106
23 109
23 110
23 116
23 118
23 119
23 120
23 121
23 123
23 125
23 126
23 130
23 133
23 135
23 136
23 138
23 139
23 140
23 143
23 144
23 148
23 149
23 150
23 153
23 154
23 156
23 157
23 158
23 159
23 160
23 162
23 164
23 166
23 169
23 171
23 172
23 179
23 180
23 183
23 184
23 185
23 189
23 190
23 192
23 193
23 196
23 197
23 199
24 31
24 32
24 33
24 36
24 42
24 44
24 48
24 54
24 56
24 57
24 59
24 61
24 63
24 65
24 66
24 67
24 68
24 69
24 70
24 71
24 72
24 76
24 80
24 82
24 83
24 84
24 86
24 90
24 92
24 94
24 95
24 96
24 101
24 103
24 107
24 110
24 111
24 112
24 116
24 119
24 121
24 122
24 123
24 124
24 130
24 132
24 133
24 135
24 136
24 139
24 142
24 143
24 145
24 146
24 147
24 148
24 149
24 151
24 152
24 153
24 156
24 158
24 164
24 166
24 170
24 171
24 179
24 180
24 182
24 185
24 186
24 187
24 190
24 195
24 198
24 199
25 29
25 32
25 37
25 38
25 40
25 41
25 42
25 44
25 45
25 47
25 48
25 54
25 55
25 58
25 60
25 65
25 70
25 71
25 72
25 74
25 77
25 78
25 79
25 80
25 81
25 84
25 85
25 86
25 87
25 88
25 89
25 90
25 92
25 95
25 96
25 97
25 99
25 100
25 101
25 104
25 105
25 107
25 108
25 109
25 110
25 112
25 113
25 120
25 121
25 124
25 125
25 126
25 129
25 130
25 131
25 133
25 134
25 136
25 137
25 138
25 143
25 144
25 145
25 148
25 152
25 155
25 156
25 157
25 158
25 159
25 160
25 161
25 163
25 165
25 166
25 167
25 169
25 170
25 171
25 172
25 175
25 176
25 178
25 181
25 184
25 186
25 187
25 188
25 192
25 193
25 197
25 198
25 199
26 27
26 30
26 32
26 34
26 37
26 38
26 40
26 44
26 45
26 46
26 50
26 53
26 54
26 58
26 62
26 63
26 66
26 68
26 71
26 74
26 76
26 79
26 80
26 81
26 82
26 83
26 85
26 86
26 87
26 88
26 90
26 91
26 97
26 100
26 102
26 103
26 106
26 108
26 109
26 110
26 113
26 114
26 115
26 117
26 119
26 120
26 121
26 128
26 129
26 132
26 133
26 134
26 137
26 139
26 141
26 142
26 143
26 148
26 150
26 151
26 152
26 153
26 154
26 155
26 156
26 157
26 168
26 170
26 171
26 172
26 182
26 184
26 186
26 187
26 188
26 189
26 190
26 199
27 28
27 30
27 31
27 32
27 33
27 34
27 35
27 37
27 42
27 44
27 47
27 50
27 53
27 56
27 57
27 60
27 61
27 62
27 64
27 67
27 70
27 74
27 75
27 76
27 77
27 79
27 80
27 81
27 82
27 83
27 85
27 86
27 87
27 89
27 90
27 91
27 95
27 96
27 99
27 101
27 102
27 106
27 107
27 108
27 112
27 113
27 114
27 118
27 120
27 121
27 122
27 124
27 125
27 126
27 128
27 130
27 131
27 132
27 133
27 134
27 135
27 136
27 137
27 139
27 140
27 142
27 144
27 145
27 147
27 148
27 150
27 151
27 152
27 153
27 154
27 158
27 162
27 164
27 165
27 166
27 167
27 171
27 173
27 174
27 178
27 181
27 182
27 183
27 186
27 191
27 192
27 194
27 196
27 198
27 199
28 29
28 31
28 32
28 33
28 34
28 35
28 36
28 38
28 39
28 40
28 43
28 47
28 51
28 53
28 55
28 56
28 57
28 60
28 62
28 66
28 67
28 69
28 70
28 72
28 73
28 74
28 76
28 77
28 78
28 81
28 82
28 85
28 87
28 88
28 90
28 92
28 95
28 97
28 99
28 101
28 102
28 104
28 109
28 116
28 118
28 120
28 121
28 124
28 126
28 129
28 130
28 132
28 140
28 141
28 143
28 144
28 145
28 146
28 148
28 149
28 150
28 153
28 155
28 157
28 158
28 160
28 165
28 167
28 168
28 170
28 171
28 172
28 176
28 178
28 180
28 182
28 183
28 184
28 185
28 187
28 188
28 190
28 195
28 196
29 30
29 31
29 33
29 38
29 39
29 40
29 41
29 44
29 45
29 52
29 56
29 59
29 60
29 61
29 62
29 63
29 64
29 65
29 66
29 67
29 68
29 69
29 75
29 80
29 82
29 85
29 87
29 91
29 92
29 93
29 97
29 99
29 102
29 103
29 104
29 105
29 107
29 110
29 111
29 114
29 117
29 118
29 120
29 122
29 124
29 125
29 126
29 129
29 130
29 131
29 132
29 133
29 138
29 140
29 141
29 142
29 143
29 144
29 147
29 148
29 149
29 150
29 152
29 154
29 155
29 156
29 158
29 160
29 162
29 164
29 165
29 166
29 168
29 172
29 175
29 180
29 183
29 185
29 188
29 189
29 192
29 193
29 194
29 195
29 198
29 199
30 31
30 34
30 36
30 39
30 41
30 42
30 49
30 50
30 53
30 54
30 55
30 57
30 58
30 59
30 61
30 64
30 73
30 76
30 78
30 79
30 82
30 84
30 86
30 87
30 88
30 92
30 93
30 95
30 96
30 97
30 98
30 99
30 100
30 101
30 102
30 103
30 104
30 105
30 109
30 112
30 113
30 115
30 117
30 119
30 120
30 121
30 122
30 126
30 127
30 128
30 129
30 133
30 135
30 140
30 144
30 146
30 147
30 148
30 150
30 152
30 154
30 155
30 159
30 160
30 164
30 166
30 167
30 169
30 171
30 172
30 174
30 175
30 176
30 177
30 180
30 181
30 182
30 186
30 189
30 192
30 197
30 198
30 200
31 32
31 33
31 37
31 38
31 39
31 41
31 43
31 46
31 48
31 50
31 53
31 54
31 56
31 57
31 60
31 62
31 64
31 67
31 68
31 69
31 70
31 71
31 72
31 73
31 74
31 75
31 79
31 81
31 85
31 87
31 88
31 90
31 93
31 95
31 96
31 97
31 98
31 103
31 104
31 105
31 106
31 107
31 108
31 109
31 110
31 113
31 117
31 118
31 119
31 120
31 122
31 124
31 126
31 128
31 130
31 131
31 133
31 134
31 138
31 139
31 140
31 142
31 143
31 144
31 146
31 148
31 150
31 153
31 156
31 161
31 162
31 163
31 166
31 171
31 172
31 173
31 176
31 177
31 180
31 182
31 184
31 185
31 188
31 193
31 194
31 198
32 33
32 35
32 43
32 45
32 46
32 47
32 48
32 49
32 50
32 53
32 56
32 57
32 59
32 60
32 61
32 62
32 65
32 66
32 67
32 69
32 70
32 73
32 74
32 76
32 77
32 81
32 84
32 85
32 89
32 90
32 95
32 97
32 100
32 101
32 103
32 105
32 106
32 107
32 109
32 110
32 111
32 112
32 114
32 116
32 119
32 120
32 121
32 122
32 123
32 124
32 125
32 127
32 128
32 130
32 132
32 133
32 134
32 136
32 138
32 139
32 141
32 143
32 144
32 146
32 149
32 150
32 151
32 153
32 155
32 157
32 158
32 159
32 160
32 162
32 163
32 166
32 167
32 168
32 171
32 172
32 173
32 176
32 177
32 179
32 184
32 186
32 187
32 188
32 190
32 191
32 192
32 195
32 196
32 197
32 200
33 35
33 36
33 37
33 38
33 39
33 43
33 46
33 48
33 50
33 52
33 54
33 56
33 60
33 61
33 63
33 64
33 69
33 70
33 72
33 73
33 75
33 76
33 77
33 78
33 80
33 82
33 83
33 86
33 87
33 90
33 91
33 92
33 93
33 100
33 104
33 106
33 107
33 110
33 111
33 112
33 115
33 116
33 118
33 119
33 122
33 123
33 125
33 131
33 136
33 137
33 138
33 139
33 143
33 144
33 145
33 148
33 149
33 150
33 151
33 160
33 162
33 163
33 165
33 166
33 167
33 168
33 171
33 172
33 173
33 179
33 181
33 188
33 193
33 194
33 196
33 197
33 200
34 36
34 38
34 39
34 41
34 42
34 45
34 48
34 50
34 51
34 54
34 57
34 58
34 59
34 67
34 71
34 72
34 74
34 76
34 77
34 79
34 80
34 81
34 83
34 84
34 86
34 87
34 88
34 89
34 90
34 91
34 92
34 93
34 94
34 96
34 98
34 102
34 103
34 106
34 107
34 111
34 112
34 113
34 114
34 115
34 116
34 120
34 121
34 123
34 124
34 125
34 126
34 128
34 131
34 133
34 134
34 142
34 144
34 146
34 148
34 149
34 150
34 152
34 153
34 154
34 160
34 161
34 162
34 163
34 168
34 171
34 174
34 179
34 181
34 183
34 185
34 186
34 187
34 189
34 190
34 191
34 195
34 196
34 198
35 37
35 38
35 40
35 41
35 43
35 44
35 46
35 47
35 50
35 51
35 52
35 54
35 55
35 56
35 58
35 60
35 62
35 63
35 65
35 69
35 71
35 74
35 75
35 80
35 85
35 86
35 89
35 91
35 92
35 93
35 95
35 98
35 100
35 101
35 103
35 105
35 106
35 108
35 109
35 110
35 112
35 113
35 114
35 120
35 122
35 123
35 124
35 127
35 130
35 132
35 133
35 134
35 135
35 141
35 143
35 145
35 146
35 149
35 150
35 151
35 152
35 157
35 158
35 159
35 160
35 161
35 162
35 167
35 168
35 170
35 171
35 172
35 173
35 175
35 176
35 178
35 179
35 180
35 183
35 184
35 185
35 186
35 187
35 189
35 191
35 193
35 194
35 197
35 198
35 199
35 200
36 42
36 43
36 45
36 48
36 50
36 52
36 55
36 56
36 59
36 64
36 65
36 66
36 67
36 69
36 70
36 72
36 73
36 74
36 77
36 79
36 80
36 81
36 83
36 84
36 87
36 89
36 92
36 97
36 98
36 101
36 105
36 110
36 111
36 112
36 113
36 116
36 117
36 118
36 123
36 125
36 126
36 129
36 131
36 134
36 136
36 137
36 139
36 140
36 141
36 142
36 144
36 145
36 153
36 154
36 157
36 158
36 161
36 162
36 167
36 168
36 170
36 172
36 176
36 177
36 178
36 180
36 181
36 183
36 186
36 188
36 190
36 191
36 194
36 196
36 197
36 198
36 200
37 39
37 42
37 43
37 48
37 49
37 56
37 58
37 62
37 64
37 67
37 68
37 72
37 74
37 75
37 77
37 78
37 81
37 86
37 87
37 88
37 91
37 93
37 95
37 98
37 99
37 101
37 102
37 103
37 104
37 108
37 109
37 112
37 115
37 116
37 117
37 122
37 125
37 128
37 129
37 130
37 133
37 134
37 136
37 139
37 140
37 142
37 145
37 146
37 147
37 148
37 150
37 151
37 153
37 154
37 157
37 163
37 164
37 165
37 166
37 168
37 169
37 170
37 171
37 172
37 174
37 175
37 177
37 178
37 179
37 180
37 183
37 184
37 185
37 188
37 191
37 195
37 196
37 197
37 199
38 39
38 41
38 43
38 44
38 48
38 49
38 51
38 52
38 55
38 57
38 58
38 60
38 63
38 64
38 65
38 66
38 67
38 69
38 70
38 72
38 73
38 76
38 82
38 83
38 85
38 88
38 89
38 92
38 94
38 95
38 101
38 102
38 103
38 105
38 106
38 107
38 108
38 109
38 110
38 111
38 112
38 119
38 121
38 122
38 123
38 124
38 127
38 128
38 129
38 131
38 133
38 135
38 137
38 139
38 142
38 143
38 145
38 146
38 150
38 152
38 154
38 156
38 160
38 162
38 163
38 164
38 165
38 167
38 169
38 172
38 173
38 174
38 175
38 176
38 177
38 179
38 180
38 181
38 182
38 187
38 190
38 191
38 194
38 195
38 196
38 197
38 199
39 40
39 41
39 42
39 45
39 46
39 47
39 48
39 52
39 56
39 57
39 59
39 64
39 65
39 66
39 70
39 71
39 72
39 74
39 76
39 77
39 78
39 80
39 82
39 83
39 85
39 86
39 87
39 88
39 89
39 90
39 91
39 92
39 93
39 97
39 98
39 102
39 103
39 105
39 106
39 109
39 111
39 112
39 113
39 115
39 116
39 117
39 118
39 120
39 122
39 124
39 125
39 126
39 127
39 128
39 131
39 133
39 140
39 141
39 146
39 147
39 150
39 151
39 153
39 154
39 155
39 158
39 159
39 161
39 165
39 166
39 167
39 168
39 169
39 170
39 173
39 175
39 177
39 182
39 184
39 187
39 188
39 189
39 190
39 191
39 193
39 197
39 198
39 199
40 41
40 42
40 43
40 45
40 48
40 51
40 53
40 54
40 55
40 57
40 58
40 59
40 64
40 66
40 68
40 70
40 72
40 73
40 74
40 77
40 79
40 80
40 81
40 86
40 88
40 90
40 97
40 101
40 103
40 105
40 106
40 107
40 111
40 112
40 113
40 114
40 115
40 116
40 117
40 120
40 121
40 124
40 125
40 132
40 136
40 137
40 138
40 139
40 140
40 141
40 147
40 148
40 152
40 155
40 156
40 158
40 161
40 164
40 169
40 170
40 171
40 173
40 175
40 176
40 182
40 183
40 184
40 185
40 189
40 193
40 195
40 196
40 198
40 199
40 200
41 43
41 46
41 47
41 48
41 49
41 50
41 52
41 54
41 56
41 58
41 59
41 63
41 64
41 65
41 66
41 72
41 74
41 75
41 80
41 85
41 87
41 88
41 89
41 94
41 95
41 96
41 98
41 101
41 105
41 106
41 108
41 116
41 118
41 119
41 121
41 122
41 126
41 127
41 130
41 131
41 133
41 134
41 139
41 141
41 142
41 144
41 145
41 147
41 149
41 152
41 153
41 155
41 156
41 157
41 159
41 160
41 163
41 164
41 165
41 166
41 170
41 172
41 173
41 174
41 177
41 178
41 180
41 181
41 186
41 187
41 188
41 189
41 190
41 191
41 192
41 193
41 195
41 196
41 198
41 199
42 44
42 45
42 46
42 48
42 51
42 53
42 55
42 56
42 57
42 58
42 61
42 62
42 63
42 65
42 66
42 71
42 72
42 74
42 76
42 77
42 78
42 79
42 80
42 81
42 83
42 87
42 88
42 90
42 92
42 94
42 95
42 96
42 98
42 99
42 103
42 108
42 109
42 110
42 113
42 114
42 116
42 118
42 119
42 122
42 123
42 128
42 129
42 130
42 131
42 132
42 134
42 137
42 139
42 141
42 142
42 147
42 149
42 152
42 153
42 154
42 155
42 157
42 158
42 159
42 160
42 161
42 164
42 165
42 167
42 172
42 173
42 175
42 176
42 178
42 180
42 181
42 184
42 187
42 188
42 189
42 194
42 195
42 197
43 45
43 46
43 47
43 48
43 49
43 50
43 53
43 54
43 55
43 56
43 59
43 61
43 62
43 63
43 64
43 65
43 69
43 76
43 77
43 79
43 81
43 82
43 87
43 90
43 95
43 96
43 98
43 100
43 101
43 103
43 107
43 108
43 112
43 113
43 115
43 120
43 121
43 122
43 123
43 124
43 125
43 127
43 128
43 130
43 132
43 133
43 135
43 136
43 138
43 141
43 143
43 144
43 145
43 147
43 148
43 150
43 154
43 155
43 156
43 161
43 162
43 163
43 165
43 166
43 167
43 168
43 171
43 172
43 176
43 178
43 179
43 181
43 182
43 184
43 185
43 187
43 188
43 190
43 191
43 196
43 197
43 200
44 46
44 47
44 49
44 50
44 52
44 53
44 54
44 59
44 60
44 64
44 66
44 67
44 70
44 72
44 73
44 75
44 76
44 80
44 81
44 83
44 85
44 86
44 88
44 89
44 91
44 94
44 95
44 97
44 99
44 100
44 101
44 102
44 104
44 105
44 106
44 108
44 109
44 111
44 112
44 115
44 116
44 117
44 119
44 125
44 126
44 127
44 129
44 131
44 132
44 133
44 137
44 140
44 141
44 142
44 144
44 145
44 146
44 147
44 149
44 152
44 154
44 156
44 158
44 161
44 162
44 163
44 165
44 166
44 168
44 169
44 173
44 177
44 178
44 180
44 181
44 182
44 184
44 189
44 194
44 196
44 198
45 46
45 49
45 52
45 54
45 56
45 58
45 59
45 60
45 61
45 64
45 65
45 70
45 74
45 77
45 78
45 81
45 82
45 83
45 84
45 86
45 88
45 92
45 95
45 96
45 97
45 98
45 99
45 100
45 103
45 105
45 109
45 110
45 117
45 119
45 123
45 128
45 129
45 130
45 131
45 133
45 136
45 138
45 139
45 140
45 148
45 151
45 152
45 154
45 155
45 157
45 158
45 160
45 161
45 162
45 163
45 165
45 166
45 167
45 170
45 171
45 173
45 174
45 176
45 177
45 178
45 181
45 183
45 184
45 185
45 187
45 190
45 191
45 192
45 195
45 198
46 48
46 49
46 50
46 51
46 52
46 58
46 60
46 62
46 67
46 68
46 69
46 75
46 78
46 79
46 80
46 83
46 85
46 86
46 87
46 88
46 89
46 90
46 91
46 92
46 93
46 94
46 95
46 96
46 97
46 98
46 101
46 104
46 107
46 108
46 109
46 113
46 114
46 117
46 118
46 119
46 121
46 123
46 125
46 126
46 127
46 130
46 132
46 134
46 137
46 138
46 139
46 141
46 145
46 146
46 152
46 155
46 157
46 160
46 162
46 168
46 169
46 171
46 175
46 176
46 177
46 178
46 180
46 181
46 183
46 188
46 189
46 192
46 193
46 195
46 196
46 198
46 200
47 48
47 51
47 53
47 54
47 55
47 57
47 60
47 61
47 66
47 67
47 73
47 74
47 75
47 82
47 84
47 86
47 88
47 89
47 91
47 92
47 94
47 95
47 103
47 104
47 107
47 110
47 112
47 113
47 116
47 117
47 119
47 123
47 125
47 128
47 130
47 133
47 134
47 135
47 136
47 137
47 138
47 139
47 140
47 142
47 144
47 145
47 146
47 147
47 149
47 151
47 156
47 157
47 158
47 160
47 164
47 165
47 166
47 167
47 172
47 176
47 177
47 178
47 180
47 181
47 182
47 183
47 184
47 185
47 186
47 190
47 193
47 196
47 197
47 198
47 199
48 49
48 50
48 51
48 52
48 54
48 55
48 56
48 57
48 58
48 62
48 64
48 65
48 68
48 69
48 72
48 76
48 77
48 78
48 79
48 81
48 84
48 86
48 88
48 90
48 91
48 94
48 95
48 96
48 98
48 99
48 100
48 101
48 102
48 104
48 105
48 107
48 112
48 113
48 116
48 117
48 120
48 121
48 122
48 123
48 125
48 126
48 127
48 128
48 133
48 134
48 135
48 137
48 140
48 141
48 142
48 145
48 147
48 148
48 149
48 150
48 156
48 157
48 160
48 162
48 163
48 166
48 168
48 169
48 170
48 171
48 174
48 176
48 178
48 180
48 182
48 183
48 184
48 185
48 190
48 191
48 194
48 198
48 199
48 200
49 56
49 60
49 62
49 64
49 70
49 71
49 72
49 73
49 75
49 76
49 82
49 85
49 88
49 92
49 93
49 96
49 97
49 99
49 100
49 101
49 105
49 107
49 108
49 111
49 112
49 113
49 114
49 115
49 118
49 119
49 121
49 122
49 123
49 125
49 127
49 133
49 139
49 140
49 142
49 144
49 146
49 147
49 149
49 151
49 153
49 155
49 159
49 160
49 161
49 162
49 163
49 165
49 166
49 169
49 170
49 171
49 172
49 174
49 176
49 178
49 179
49 180
49 181
49 185
49 186
49 187
49 188
49 189
49 193
49 194
49 197
50 52
50 57
50 58
50 60
50 62
50 63
50 67
50 68
50 70
50 71
50 73
50 78
50 80
50 81
50 84
50 85
50 86
50 91
50 93
50 94
50 95
50 96
50 97
50 100
50 101
50 102
50 104
50 105
50 107
50 109
50 110
50 111
50 114
50 116
50 119
50 122
50 123
50 124
50 127
50 128
50 130
50 131
50 133
50 134
50 135
50 137
50 141
50 142
50 144
50 145
50 148
50 153
50 154
50 156
50 157
50 158
50 160
50 162
50 163
50 164
50 168
50 171
50 175
50 176
50 180
50 183
50 184
50 185
50 186
50 192
50 194
51 52
51 53
51 55
51 56
51 62
51 64
51 66
51 69
51 70
51 72
51 73
51 74
51 75
51 82
51 83
51 84
51 85
51 87
51 88
51 90
51 91
51 92
51 94
51 100
51 101
51 102
51 103
51 107
51 110
51 111
51 117
51 118
51 119
51 120
51 122
51 128
51 129
51 130
51 134
51 135
51 139
51 141
51 143
51 146
51 148
51 150
51 151
51 154
51 156
51 160
51 161
51 163
51 164
51 170
51 173
51 174
51 176
51 179
51 181
51 185
51 187
51 188
51 189
51 190
51 193
51 196
51 199
51 200
52 53
52 55
52 57
52 58
52 59
52 61
52 66
52 69
52 70
52 71
52 75
52 78
52 79
52 81
52 82
52 83
52 85
52 89
52 90
52 94
52 95
52 98
52 100
52 101
52 104
52 106
52 107
52 110
52 112
52 115
52 116
52 118
52 119
52 125
52 126
52 127
52 128
52 129
52 130
52 133
52 135
52 136
52 137
52 138
52 139
52 140
52 146
52 147
52 152
52 154
52 155
52 156
52 160
52 162
52 163
52 164
52 165
52 166
52 167
52 168
52 174
52 178
52 179
52 180
52 181
52 182
52 186
52 187
52 188
52 193
52 195
52 197
52 199
52 200
53 54
53 56
53 57
53 58
53 59
53 61
53 63
53 65
53 68
53 69
53 71
53 74
53 79
53 81
53 85
53 87
53 89
53 94
53 95
53 98
53 99
53 100
53 101
53 103
53 104
53 105
53 106
53 107
53 108
53 110
53 112
53 113
53 118
53 120
53 122
53 123
53 131
53 132
53 135
53 139
53 141
53 142
53 143
53 145
53 146
53 148
53 149
53 150
53 152
53 155
53 159
53 165
53 166
53 168
53 169
53 171
53 172
53 173
53 175
53 176
53 180
53 181
53 182
53 184
53 185
53 186
53 187
53 188
53 189
53 192
53 193
53 197
53 199
54 57
54 60
54 61
54 63
54 64
54 65
54 68
54 69
54 70
54 71
54 73
54 75
54 76
54 79
54 84
54 86
54 87
54 89
54 90
54 91
54 95
54 96
54 99
54 100
54 101
54 103
54 107
54 114
54 115
54 116
54 119
54 120
54 123
54 127
54 131
54 136
54 137
54 139
54 140
54 144
54 145
54 146
54 148
54 150
54 153
54 154
54 156
54 157
54 158
54 159
54 167
54 168
54 170
54 171
54 172
54 173
54 174
54 179
54 181
54 182
54 187
54 188
54 191
54 194
55 56
55 57
55 58
55 61
55 64
55 65
55 66
55 69
55 73
55 74
55 76
55 77
55 79
55 86
55 87
55 88
55 90
55 91
55 93
55 94
55 95
55 107
55 108
55 110
55 111
55 113
55 115
55 116
55 117
55 120
55 122
55 123
55 124
55 126
55 128
55 129
55 131
55 132
55 133
55 134
55 135
55 136
55 137
55 138
55 140
55 142
55 143
55 144
55 145
55 149
55 152
55 153
55 154
55 156
55 160
55 161
55 162
55 163
55 167
55 168
55 169
55 170
55 172
55 180
55 184
55 186
55 187
55 189
55 190
55 193
55 194
55 196
55 197
55 198
55 199
55 200
56 58
56 60
56 61
56 62
56 63
56 65
56 66
56 67
56 71
56 73
56 79
56 80
56 81
56 82
56 84
56 85
56 86
56 88
56 89
56 93
56 94
56 96
56 97
56 99
56 100
56 103
56 104
56 105
56 106
56 107
56 108
56 112
56 116
56 120
56 121
56 122
56 123
56 127
56 128
56 133
56 134
56 135
56 137
56 139
56 140
56 141
56 142
56 144
56 145
56 146
56 148
56 149
56 153
56 155
56 159
56 161
56 165
56 166
56 169
56 170
56 171
56 175
56 176
56 177
56 178
56 179
56 182
56 183
56 184
56 185
56 187
56 188
56 190
56 191
56 192
56 193
56 194
56 195
56 198
56 199
57 65
57 66
57 67
57 69
57 71
57 72
57 74
57 76
57 77
57 78
57 79
57 80
57 84
57 85
57 88
57 91
57 92
57 93
57 94
57 95
57 97
57 102
57 103
57 109
57 110
57 111
57 113
57 114
57 115
57 117
57 118
57 119
57 121
57 122
57 123
57 127
57 128
57 130
57 133
57 134
57 135
57 136
57 137
57 138
57 139
57 140
57 143
57 144
57 148
57 149
57 150
57 151
57 155
57 156
57 161
57 163
57 168
57 169
57 170
57 172
57 174
57 177
57 179
57 182
57 183
57 185
57 187
57 192
57 194
57 197
58 59
58 61
58 62
58 65
58 66
58 68
58 72
58 73
58 74
58 75
58 77
58 78
58 82
58 83
58 85
58 86
58 88
58 89
58 92
58 93
58 95
58 96
58 97
58 98
58 100
58 104
58 105
58 106
58 107
58 108
58 111
58 112
58 113
58 115
58 117
58 120
58 124
58 126
58 128
58 131
58 134
58 135
58 137
58 138
58 139
58 140
58 141
58 151
58 154
58 155
58 162
58 163
58 164
58 167
58 168
58 169
58 171
58 174
58 177
58 178
58 180
58 181
58 182
58 183
58 186
58 189
58 191
58 192
58 193
58 198
58 199
59 60
59 63
59 65
59 67
59 70
59 71
59 74
59 76
59 78
59 89
59 91
59 93
59 94
59 97
59 98
59 100
59 102
59 103
59 104
59 105
59 108
59 109
59 110
59 111
59 112
59 113
59 114
59 115
59 116
59 117
59 118
59 119
59 120
59 122
59 123
59 124
59 126
59 127
59 128
59 130
59 132
59 136
59 140
59 141
59 145
59 146
59 148
59 150
59 154
59 155
59 159
59 161
59 163
59 166
59 167
59 171
59 172
59 174
59 176
59 181
59 183
59 185
59 188
59 189
59 194
59 197
59 200
60 62
60 67
60 74
60 79
60 80
60 82
60 83
60 85
60 91
60 93
60 94
60 96
60 98
60 99
60 101
60 105
60 108
60 109
60 110
60 112
60 113
60 121
60 122
60 129
60 130
60 131
60 132
60 133
60 134
60 135
60 136
60 138
60 140
60 142
60 144
60 145
60 147
60 148
60 149
60 150
60 151
60 154
60 156
60 157
60 159
60 163
60 164
60 169
60 170
60 171
60 174
60 175
60 176
60 178
60 180
60 182
60 183
60 184
60 186
60 188
60 190
60 191
60 194
60 195
60 197
60 200
61 62
61 63
61 64
61 65
61 70
61 72
61 74
61 76
61 77
61 79
61 83
61 87
61 90
61 92
61 94
61 96
61 99
61 102
61 107
61 108
61 111
61 114
61 116
61 117
61 119
61 120
61 121
61 125
61 127
61 128
61 129
61 130
61 132
61 135
61 136
61 140
61 143
61 145
61 147
61 150
61 152
61 153
61 155
61 157
61 158
61 163
61 167
61 171
61 174
61 176
61 177
61 179
61 180
61 181
61 182
61 188
61 189
61 191
61 192
61 195
61 198
61 199
62 63
62 66
62 67
62 72
62 73
62 74
62 75
62 77
62 78
62 82
62 84
62 86
62 87
62 88
62 89
62 90
62 93
62 94
62 95
62 96
62 99
62 101
62 105
62 106
62 108
62 111
62 113
62 114
62 115
62 116
62 119
62 121
62 122
62 125
62 126
62 127
62 128
62 132
62 135
62 137
62 139
62 140
62 143
62 145
62 147
62 152
62 155
62 156
62 163
62 164
62 167
62 168
62 172
62 174
62 175
62 176
62 177
62 179
62 180
62 181
62 182
62 184
62 186
62 189
62 193
62 194
62 195
62 196
62 197
62 199
63 65
63 66
63 68
63 70
63 73
63 75
63 83
63 84
63 86
63 88
63 90
63 91
63 94
63 99
63 102
63 104
63 105
63 107
63 112
63 114
63 116
63 117
63 120
63 121
63 122
63 129
63 130
63 132
63 134
63 137
63 138
63 140
63 141
63 145
63 147
63 150
63 153
63 156
63 160
63 161
63 164
63 165
63 167
63 170
63 172
63 173
63 175
63 176
63 177
63 179
63 180
63 182
63 183
63 184
63 185
63 186
63 189
63 191
63 193
63 198
63 199
64 65
64 66
64 69
64 70
64 71
64 74
64 78
64 79
64 81
64 82
64 86
64 87
64 88
64 89
64 90
64 91
64 96
64 97
64 100
64 102
64 103
64 106
64 108
64 109
64 110
64 111
64 114
64 118
64 119
64 122
64 124
64 125
64 128
64 129
64 132
64 134
64 135
64 137
64 138
64 139
64 145
64 147
64 153
64 155
64 156
64 160
64 165
64 166
64 167
64 173
64 175
64 177
64 180
64 183
64 186
64 187
64 188
64 189
64 190
64 192
64 193
64 194
64 198
64 199
64 200
65 66
65 67
65 68
65 72
65 73
65 75
65 77
65 79
65 80
65 84
65 85
65 86
65 88
65 90
65 91
65 93
65 95
65 97
65 98
65 101
65 103
65 105
65 110
65 111
65 112
65 114
65 116
65 121
65 122
65 124
65 125
65 127
65 128
65 129
65 130
65 131
65 136
65 139
65 140
65 141
65 144
65 145
65 147
65 148
65 149
65 150
65 151
65 153
65 154
65 155
65 157
65 158
65 159
65 167
65 168
65 175
65 176
65 180
65 182
65 184
65 185
65 186
65 187
65 190
65 191
65 192
65 193
65 194
65 195
65 198
65 199
66 67
66 68
66 71
66 73
66 74
66 77
66 79
66 80
66 81
66 84
66 85
66 86
66 90
66 91
66 92
66 93
66 94
66 99
66 104
66 106
66 107
66 108
66 109
66 110
66 112
66 113
66 117
66 120
66 121
66 123
66 124
66 125
66 126
66 127
66 128
66 129
66 130
66 132
66 133
66 135
66 136
66 137
66 140
66 141
66 144
66 145
66 147
66 152
66 154
66 156
66 159
66 161
66 162
66 163
66 165
66 168
66 169
66 173
66 175
66 178
66 181
66 183
66 184
66 185
66 190
66 192
66 194
66 195
66 198
66 199
66 200
67 69
67 70
67 71
67 72
67 73
67 74
67 75
67 77
67 78
67 79
67 83
67 86
67 89
67 90
67 92
67 93
67 95
67 97
67 101
67 102
67 103
67 109
67 110
67 113
67 114
67 117
67 118
67 123
67 124
67 125
67 131
67 137
67 138
67 146
67 148
67 151
67 154
67 156
67 157
67 162
67 165
67 167
67 169
67 170
67 171
67 174
67 179
67 183
67 185
67 186
67 188
67 189
67 191
67 192
67 193
67 194
67 197
67 198
67 199
67 200
68 71
68 73
68 74
68 77
68 78
68 80
68 82
68 83
68 84
68 86
68 88
68 89
68 90
68 91
68 94
68 95
68 99
68 103
68 104
68 105
68 106
68 107
68 109
68 111
68 112
68 113
68 118
68 119
68 120
68 124
68 125
68 126
68 127
68 128
68 129
68 132
68 134
68 136
68 139
68 140
68 144
68 146
68 147
68 150
68 153
68 155
68 156
68 157
68 163
68 165
68 166
68 167
68 169
68 171
68 172
68 175
68 176
68 177
68 179
68 180
68 181
68 182
68 183
68 184
68 185
68 186
68 189
68 193
68 194
68 197
69 73
69 75
69 77
69 78
69 79
69 81
69 82
69 83
69 88
69 91
69 93
69 94
69 101
69 106
69 108
69 109
69 110
69 111
69 114
69 116
69 117
69 120
69 122
69 123
69 131
69 132
69 133
69 134
69 135
69 136
69 137
69 138
69 139
69 141
69 144
69 145
69 148
69 159
69 161
69 165
69 166
69 167
69 169
69 173
69 175
69 179
69 183
69 186
69 187
69 192
69 195
69 196
69 200
70 71
70 73
70 75
70 78
70 82
70 84
70 85
70 93
70 95
70 98
70 99
70 104
70 106
70 107
70 109
70 112
70 113
70 119
70 121
70 122
70 123
70 127
70 129
70 132
70 138
70 140
70 141
70 142
70 145
70 147
70 152
70 153
70 154
70 156
70 157
70 158
70 159
70 161
70 162
70 163
70 164
70 166
70 167
70 169
70 170
70 171
70 174
70 175
70 177
70 180
70 183
70 184
70 186
70 187
70 188
70 192
70 194
70 197
70 198
71 73
71 75
71 77
71 78
71 79
71 80
71 81
71 83
71 84
71 85
71 86
71 87
71 90
71 93
71 94
71 97
71 99
71 102
71 103
71 104
71 107
71 108
71 109
71 111
71 113
71 115
71 117
71 118
71 119
71 120
71 122
71 124
71 125
71 127
71 129
71 130
71 131
71 132
71 135
71 140
71 141
71 142
71 143
71 145
71 148
71 149
71 150
71 152
71 153
71 157
71 161
71 162
71 163
71 164
71 165
71 168
71 169
71 173
71 174
71 179
71 180
71 183
71 184
71 186
71 187
71 188
71 189
71 190
71 191
71 193
71 194
71 197
72 76
72 79
72 81
72 82
72 83
72 84
72 85
72 88
72 90
72 91
72 92
72 96
72 97
72 100
72 103
72 107
72 112
72 113
72 121
72 122
72 125
72 127
72 128
72 130
72 133
72 134
72 137
72 138
72 141
72 142
72 143
72 144
72 145
72 147
72 148
72 150
72 158
72 159
72 161
72 162
72 169
72 170
72 174
72 175
72 176
72 177
72 178
72 184
72 187
72 189
72 193
72 195
72 196
72 198
72 199
72 200
73 75
73 78
73 79
73 80
73 85
73 89
73 91
73 92
73 94
73 99
73 100
73 101
73 102
73 103
73 105
73 109
73 111
73 114
73 116
73 118
73 119
73 120
73 121
73 124
73 125
73 128
73 129
73 130
73 131
73 138
73 141
73 142
73 144
73 145
73 147
73 148
73 149
73 152
73 153
73 157
73 162
73 165
73 168
73 169
73 171
73 174
73 176
73 178
73 180
73 181
73 186
73 187
73 188
73 189
73 190
73 191
73 192
73 194
73 196
73 200
74 75
74 78
74 79
74 82
74 83
74 85
74 88
74 89
74 95
74 96
74 97
74 98
74 99
74 100
74 102
74 106
74 113
74 114
74 120
74 123
74 129
74 130
74 131
74 132
74 134
74 135
74 139
74 142
74 144
74 145
74 148
74 152
74 154
74 155
74 156
74 157
74 158
74 159
74 163
74 167
74 171
74 173
74 174
74 179
74 182
74 183
74 186
74 187
74 188
74 191
74 192
74 193
74 195
74 196
74 197
74 199
74 200
75 88
75 92
75 94
75 95
75 97
75 99
75 100
75 107
75 110
75 113
75 116
75 117
75 119
75 120
75 122
75 126
75 127
75 128
75 131
75 133
75 134
75 136
75 137
75 138
75 139
75 140
75 143
75 146
75 147
75 148
75 149
75 153
75 158
75 159
75 164
75 168
75 170
75 171
75 173
75 179
75 180
75 183
75 189
75 190
75 192
75 197
75 199
75 200
76 79
76 80
76 81
76 83
76 84
76 86
76 89
76 92
76 96
76 99
76 101
76 102
76 106
76 107
76 111
76 112
76 114
76 119
76 120
76 122
76 129
76 130
76 137
76 138
76 140
76 141
76 145
76 148
76 149
76 150
76 152
76 153
76 156
76 157
76 159
76 161
76 162
76 164
76 165
76 169
76 176
76 177
76 178
76 183
76 184
76 185
76 186
76 189
76 190
76 196
76 200
77 80
77 81
77 85
77 86
77 87
77 88
77 89
77 90
77 91
77 92
77 95
77 98
77 101
77 104
77 107
77 108
77 109
77 110
77 111
77 113
77 114
77 116
77 118
77 120
77 121
77 122
77 124
77 129
77 133
77 134
77 135
77 136
77 137
77 139
77 141
77 144
77 145
77 146
77 148
77 152
77 154
77 155
77 157
77 158
77 161
77 165
77 168
77 170
77 171
77 173
77 175
77 177
77 178
77 179
77 180
77 181
77 182
77 183
77 184
77 187
77 188
77 189
77 190
77 191
77 195
77 196
77 198
78 82
78 84
78 85
78 86
78 91
78 92
78 93
78 95
78 96
78 97
78 100
78 101
78 103
78 106
78 107
78 109
78 110
78 115
78 116
78 117
78 119
78 123
78 124
78 126
78 129
78 130
78 131
78 133
78 136
78 137
78 138
78 145
78 147
78 153
78 155
78 156
78 157
78 159
78 161
78 163
78 166
78 168
78 169
78 172
78 176
78 178
78 184
78 188
78 192
78 194
78 195
78 196
78 198
78 200
79 80
79 82
79 84
79 85
79 86
79 87
79 89
79 94
79 102
79 104
79 105
79 106
79 107
79 110
79 115
79 116
79 117
79 118
79 119
79 120
79 121
79 123
79 124
79 125
79 126
79 128
79 129
79 131
79 132
79 136
79 137
79 139
79 140
79 141
79 142
79 144
79 145
79 146
79 148
79 150
79 152
79 153
79 154
79 155
79 156
79 158
79 161
79 163
79 164
79 168
79 171
79 172
79 173
79 174
79 176
79 180
79 181
79 184
79 185
79 186
79 188
79 191
79 194
79 195
79 197
79 200
80 82
80 84
80 91
80 92
80 96
80 97
80 99
80 101
80 104
80 105
80 106
80 109
80 111
80 112
80 113
80 114
80 115
80 116
80 117
80 118
80 119
80 120
80 122
80 123
80 125
80 126
80 130
80 132
80 133
80 136
80 139
80 140
80 142
80 143
80 144
80 149
80 151
80 152
80 153
80 161
80 162
80 163
80 165
80 166
80 167
80 168
80 170
80 171
80 180
80 183
80 184
80 186
80 187
80 189
80 193
80 194
80 197
80 200
81 82
81 83
81 84
81 85
81 86
81 87
81 88
81 89
81 95
81 99
81 100
81 101
81 102
81 103
81 104
81 106
81 108
81 111
81 112
81 113
81 117
81 119
81 122
81 125
81 131
81 133
81 135
81 137
81 138
81 139
81 140
81 141
81 146
81 148
81 149
81 151
81 152
81 153
81 154
81 155
81 156
81 157
81 159
81 164
81 166
81 167
81 169
81 171
81 175
81 177
81 178
81 179
81 181
81 183
81 184
81 188
81 190
81 191
81 193
81 194
81 196
81 197
81 198
81 199
82 84
82 87
82 88
82 89
82 91
82 95
82 96
82 97
82 98
82 99
82 100
82 106
82 107
82 109
82 115
82 116
82 120
82 122
82 126
82 127
82 128
82 130
82 131
82 133
82 134
82 136
82 137
82 144
82 152
82 155
82 157
82 158
82 159
82 160
82 163
82 164
82 168
82 171
82 174
82 175
82 177
82 178
82 179
82 182
82 183
82 185
82 189
82 190
82 191
82 192
82 198
82 199
83 84
83 86
83 88
83 91
83 93
83 94
83 99
83 102
83 104
83 106
83 107
83 108
83 110
83 111
83 112
83 117
83 120
83 121
83 122
83 123
83 126
83 127
83 129
83 132
83 135
83 139
83 142
83 143
83 145
83 146
83 147
83 150
83 151
83 152
83 154
83 155
83 161
83 163
83 164
83 165
83 167
83 168
83 169
83 170
83 171
83 172
83 175
83 176
83 177
83 179
83 180
83 181
83 184
83 185
83 187
83 190
83 192
83 194
83 196
83 200
84 85
84 86
84 88
84 89
84 90
84 94
84 96
84 97
84 99
84 100
84 103
84 104
84 106
84 110
84 111
84 113
84 114
84 115
84 118
84 119
84 120
84 121
84 122
84 123
84 124
84 126
84 128
84 130
84 134
84 135
84 140
84 141
84 142
84 143
84 146
84 150
84 151
84 152
84 158
84 159
84 165
84 171
84 172
84 173
84 175
84 176
84 177
84 178
84 179
84 183
84 185
84 188
84 189
84 190
84 191
84 192
84 193
84 194
84 196
84 197
84 199
84 200
85 86
85 91
85 95
85 99
85 101
85 102
85 107
85 109
85 115
85 116
85 117
85 118
85 122
85 126
85 129
85 130
85 131
85 133
85 134
85 136
85 137
85 138
85 139
85 140
85 142
85 143
85 146
85 147
85 148
85 150
85 151
85 153
85 154
85 156
85 157
85 159
85 163
85 164
85 166
85 168
85 169
85 172
85 173
85 175
85 176
85 177
85 179
85 180
85 184
85 188
85 189
85 190
85 191
85 192
85 199
85 200
86 92
86 93
86 94
86 95
86 98
86 99
86 102
86 103
86 108
86 109
86 112
86 115
86 116
86 117
86 119
86 120
86 122
86 124
86 126
86 128
86 129
86 130
86 131
86 132
86 139
86 140
86 142
86 145
86 147
86 150
86 151
86 154
86 155
86 156
86 157
86 158
86 162
86 163
86 166
86 169
86 172
86 173
86 175
86 176
86 178
86 179
86 182
86 187
86 188
86 189
86 190
86 191
86 193
86 194
86 196
86 198
86 199
87 88
87 89
87 90
87 93
87 94
87 97
87 98
87 101
87 104
87 107
87 108
87 109
87 110
87 113
87 114
87 115
87 117
87 118
87 119
87 124
87 125
87 126
87 127
87 130
87 132
87 134
87 135
87 137
87 139
87 141
87 143
87 145
87 147
87 149
87 151
87 152
87 154
87 155
87 162
87 166
87 168
87 169
87 170
87 171
87 173
87 176
87 178
87 179
87 180
87 183
87 190
87 191
87 194
87 199
87 200
88 91
88 92
88 93
88 94
88 96
88 97
88 99
88 100
88 103
88 107
88 109
88 111
88 112
88 113
88 114
88 115
88 116
88 122
88 123
88 124
88 127
88 128
88 135
88 140
88 142
88 144
88 145
88 146
88 148
88 149
88 151
88 152
88 153
88 155
88 156
88 159
88 162
88 163
88 165
88 168
88 175
88 176
88 177
88 178
88 181
88 182
88 185
88 186
88 187
88 189
88 192
88 194
88 195
88 196
88 197
88 198
88 199
88 200
89 90
89 91
89 92
89 93
89 97
89 98
89 102
89 105
89 106
89 108
89 111
89 112
89 114
89 118
89 119
89 123
89 129
89 130
89 136
89 137
89 140
89 141
89 144
89 145
89 147
89 148
89 149
89 151
89 152
89 153
89 154
89 155
89 156
89 157
89 159
89 161
89 162
89 164
89 165
89 166
89 167
89 169
89 170
89 171
89 173
89 174
89 177
89 178
89 182
89 184
89 186
89 188
89 189
89 193
89 196
89 197
89 198
89 199
89 200
90 92
90 93
90 96
90 99
90 102
90 110
90 117
90 119
90 121
90 122
90 123
90 125
90 130
90 135
90 137
90 138
90 140
90 142
90 143
90 145
90 146
90 149
90 150
90 153
90 155
90 158
90 162
90 165
90 166
90 171
90 172
90 173
90 175
90 180
90 181
90 182
90 185
90 186
90 187
90 188
90 190
90 191
90 194
90 197
90 200
91 101
91 103
91 107
91 108
91 109
91 111
91 113
91 114
91 115
91 117
91 118
91 119
91 120
91 121
91 122
91 123
91 124
91 125
91 126
91 128
91 131
91 132
91 134
91 135
91 137
91 139
91 144
91 145
91 146
91 147
91 150
91 151
91 154
91 155
91 156
91 158
91 159
91 163
91 165
91 167
91 173
91 174
91 175
91 178
91 179
91 180
91 183
91 185
91 187
91 193
91 198
91 199
91 200
92 94
92 95
92 96
92 98
92 99
92 100
92 105
92 106
92 109
92 110
92 112
92 114
92 115
92 116
92 117
92 119
92 120
92 121
92 124
92 129
92 131
92 132
92 134
92 135
92 136
92 138
92 143
92 145
92 146
92 147
92 149
92 150
92 153
92 156
92 160
92 162
92 164
92 165
92 166
92 168
92 171
92 172
92 173
92 174
92 175
92 178
92 179
92 180
92 182
92 183
92 184
92 185
92 186
92 187
92 190
92 191
92 195
92 196
92 197
92 199
93 96
93 97
93 98
93 101
93 102
93 103
93 105
93 108
93 109
93 110
93 112
93 113
93 114
93 115
93 117
93 118
93 119
93 120
93 122
93 127
93 128
93 131
93 132
93 133
93 136
93 141
93 143
93 144
93 145
93 147
93 149
93 151
93 154
93 159
93 162
93 163
93 164
93 165
93 166
93 169
93 172
93 174
93 176
93 178
93 180
93 181
93 182
93 183
93 184
93 185
93 187
93 188
93 190
93 191
93 195
93 196
93 199
93 200
94 96
94 98
94 99
94 102
94 103
94 106
94 110
94 115
94 116
94 118
94 119
94 120
94 122
94 123
94 125
94 127
94 128
94 129
94 132
94 133
94 134
94 140
94 141
94 143
94 144
94 149
94 150
94 151
94 152
94 153
94 154
94 155
94 157
94 158
94 159
94 161
94 162
94 163
94 164
94 165
94 166
94 167
94 168
94 169
94 170
94 173
94 174
94 175
94 176
94 177
94 178
94 179
94 181
94 185
94 186
94 190
94 193
94 195
94 197
94 199
94 200
95 96
95 98
95 100
95 101
95 102
95 103
95 106
95 107
95 109
95 110
95 112
95 113
95 115
95 116
95 117
95 118
95 120
95 125
95 126
95 127
95 128
95 129
95 130
95 131
95 137
95 139
95 140
95 141
95 142
95 144
95 145
95 146
95 149
95 151
95 152
95 156
95 157
95 158
95 159
95 161
95 164
95 166
95 168
95 169
95 170
95 175
95 176
95 178
95 180
95 181
95 182
95 184
95 185
95 187
95 188
95 191
95 192
95 197
95 199
96 97
96 100
96 103
96 105
96 106
96 107
96 108
96 114
96 115
96 117
96 119
96 120
96 123
96 124
96 126
96 127
96 129
96 131
96 132
96 136
96 137
96 138
96 141
96 142
96 146
96 149
96 151
96 154
96 155
96 158
96 160
96 161
96 164
96 170
96 172
96 175
96 177
96 185
96 188
96 189
96 190
96 193
96 195
96 196
96 197
96 198
96 199
96 200
97 99
97 102
97 104
97 107
97 108
97 110
97 111
97 114
97 116
97 118
97 119
97 123
97 125
97 126
97 127
97 129
97 130
97 135
97 136
97 142
97 145
97 146
97 148
97 150
97 152
97 153
97 154
97 155
97 161
97 162
97 165
97 166
97 167
97 169
97 170
97 172
97 174
97 176
97 179
97 181
97 182
97 183
97 184
97 187
97 188
97 189
97 191
97 193
97 194
97 198
97 200
98 100
98 101
98 102
98 104
98 107
98 108
98 113
98 114
98 116
98 118
98 119
98 120
98 128
98 129
98 133
98 135
98 139
98 141
98 145
98 146
98 147
98 148
98 155
98 156
98 158
98 160
98 161
98 164
98 166
98 167
98 172
98 174
98 175
98 176
98 178
98 181
98 183
98 187
98 189
98 190
98 193
98 195
98 196
98 197
98 199
98 200
99 100
99 101
99 103
99 106
99 108
99 109
99 110
99 117
99 118
99 119
99 121
99 122
99 123
99 124
99 125
99 128
99 129
99 132
99 135
99 137
99 139
99 141
99 144
99 146
99 147
99 152
99 153
99 163
99 164
99 167
99 168
99 170
99 172
99 173
99 176
99 177
99 178
99 179
99 180
99 181
99 184
99 187
99 189
99 190
99 192
99 194
100 101
100 107
100 110
100 111
100 112
100 113
100 116
100 119
100 120
100 121
100 123
100 124
100 125
100 126
100 128
100 129
100 141
100 147
100 154
100 155
100 158
100 159
100 161
100 162
100 164
100 165
100 166
100 169
100 177
100 178
100 179
100 180
100 181
100 182
100 183
100 186
100 190
100 193
100 194
100 195
100 198
100 200
101 103
101 104
101 106
101 107
101 108
101 113
101 114
101 115
101 116
101 117
101 119
101 120
101 121
101 122
101 124
101 126
101 129
101 131
101 135
101 137
101 139
101 142
101 144
101 146
101 147
101 148
101 151
101 152
101 153
101 154
101 156
101 160
101 162
101 163
101 165
101 167
101 175
101 181
101 182
101 183
101 186
101 189
101 191
101 193
101 198
102 104
102 107
102 108
102 110
102 113
102 114
102 115
102 117
102 118
102 119
102 120
102 121
102 122
102 123
102 125
102 128
102 131
102 132
102 134
102 137
102 138
102 140
102 141
102 145
102 146
102 147
102 149
102 153
102 154
102 155
102 158
102 162
102 163
102 166
102 167
102 168
102 169
102 170
102 173
102 178
102 180
102 183
102 184
102 193
102 196
102 197
102 198
103 107
103 108
103 109
103 110
103 111
103 117
103 125
103 127
103 128
103 134
103 137
103 139
103 141
103 143
103 144
103 146
103 149
103 152
103 153
103 155
103 159
103 162
103 166
103 167
103 169
103 173
103 174
103 176
103 177
103 179
103 182
103 184
103 185
103 186
103 187
103 188
103 195
103 197
104 106
104 107
104 108
104 110
104 111
104 112
104 113
104 116
104 119
104 120
104 121
104 123
104 124
104 125
104 126
104 128
104 129
104 130
104 131
104 132
104 133
104 135
104 136
104 137
104 139
104 140
104 141
104 143
104 146
104 149
104 150
104 153
104 154
104 159
104 160
104 161
104 162
104 165
104 167
104 171
104 176
104 177
104 179
104 181
104 182
104 183
104 184
104 186
104 187
104 189
104 190
104 196
104 198
104 199
104 200
105 108
105 110
105 111
105 112
105 115
105 116
105 117
105 121
105 122
105 124
105 126
105 127
105 129
105 134
105 135
105 136
105 137
105 138
105 143
105 144
105 148
105 149
105 153
105 155
105 156
105 157
105 158
105 159
105 161
105 162
105 164
105 166
105 167
105 170
105 172
105 173
105 174
105 176
105 179
105 180
105 182
105 183
105 184
105 185
105 189
105 190
105 197
105 198
105 200
106 113
106 117
106 119
106 121
106 124
106 133
106 134
106 135
106 136
106 137
106 140
106 144
106 148
106 149
106 150
106 151
106 154
106 157
106 159
106 161
106 162
106 165
106 167
106 170
106 171
106 173
106 174
106 175
106 176
106 178
106 180
106 181
106 182
106 183
106 184
106 185
106 186
106 187
106 192
106 194
106 195
106 196
106 197
106 199
106 200
107 110
107 111
107 114
107 117
107 118
107 119
107 120
107 125
107 129
107 130
107 134
107 135
107 141
107 144
107 145
107 147
107 149
107 151
107 154
107 160
107 161
107 163
107 164
107 165
107 167
107 168
107 171
107 172
107 176
107 179
107 182
107 184
107 187
107 190
107 191
107 192
107 193
107 198
107 199
108 109
108 111
108 112
108 116
108 119
108 121
108 122
108 123
108 124
108 125
108 128
108 129
108 130
108 137
108 138
108 139
108 140
108 146
108 147
108 149
108 151
108 153
108 155
108 157
108 158
108 159
108 161
108 162
108 163
108 164
108 165
108 166
108 167
108 168
108 169
108 172
108 173
108 175
108 176
108 177
108 178
108 181
108 182
108 184
108 185
108 187
108 189
108 190
108 191
108 195
108 197
108 198
108 199
109 110
109 111
109 112
109 114
109 115
109 117
109 120
109 121
109 122
109 128
109 129
109 130
109 133
109 135
109 136
109 137
109 142
109 143
109 145
109 151
109 153
109 154
109 157
109 159
109 160
109 161
109 162
109 163
109 164
109 165
109 169
109 170
109 172
109 175
109 176
109 179
109 180
109 182
109 183
109 186
109 190
109 191
109 192
109 196
109 198
109 199
109 200
110 120
110 121
110 126
110 129
110 131
110 133
110 134
110 139
110 142
110 145
110 148
110 151
110 153
110 154
110 156
110 160
110 162
110 163
110 165
110 166
110 168
110 170
110 171
110 174
110 176
110 177
110 178
110 179
110 181
110 185
110 189
110 191
110 192
110 193
110 194
110 195
110 198
111 113
111 116
111 117
111 121
111 123
111 124
111 128
111 134
111 135
111 136
111 137
111 139
111 143
111 144
111 146
111 148
111 149
111 150
111 151
111 153
111 154
111 155
111 157
111 159
111 160
111 162
111 163
111 167
111 168
111 170
111 173
111 174
111 176
111 179
111 181
111 184
111 185
111 187
111 191
111 193
111 195
111 196
111 197
111 199
111 200
112 113
112 114
112 122
112 125
112 126
112 127
112 128
112 129
112 131
112 132
112 134
112 135
112 136
112 137
112 141
112 142
112 147
112 150
112 151
112 154
112 156
112 158
112 160
112 161
112 164
112 165
112 170
112 171
112 172
112 174
112 176
112 177
112 178
112 179
112 180
112 183
112 187
112 189
112 192
112 196
112 198
112 199
112 200
113 118
113 120
113 122
113 123
113 124
113 125
113 126
113 127
113 128
113 129
113 130
113 131
113 134
113 136
113 137
113 141
113 142
113 143
113 145
113 148
113 149
113 150
113 151
113 155
113 157
113 159
113 160
113 161
113 163
113 165
113 166
113 167
113 169
113 170
113 176
113 178
113 179
113 180
113 183
113 186
113 188
113 189
113 192
113 194
113 195
114 116
114 119
114 120
114 122
114 124
114 127
114 130
114 131
114 132
114 135
114 136
114 137
114 138
114 141
114 142
114 143
114 145
114 146
114 147
114 148
114 149
114 152
114 153
114 156
114 158
114 159
114 160
114 164
114 165
114 166
114 171
114 173
114 177
114 178
114 181
114 185
114 187
114 188
114 190
114 193
114 195
114 197
114 198
114 199
115 119
115 123
115 124
115 126
115 129
115 131
115 133
115 134
115 137
115 143
115 144
115 145
115 146
115 147
115 148
115 149
115 150
115 151
115 152
115 153
115 156
115 159
115 160
115 162
115 163
115 166
115 168
115 171
115 173
115 174
115 175
115 178
115 182
115 183
115 184
115 190
115 191
115 192
115 194
115 195
115 198
116 118
116 120
116 123
116 124
116 125
116 126
116 127
116 128
116 129
116 132
116 135
116 136
116 137
116 141
116 142
116 150
116 151
116 153
116 154
116 155
116 159
116 160
116 161
116 162
116 164
116 165
116 166
116 172
116 173
116 174
116 175
116 177
116 180
116 181
116 185
116 186
116 188
116 190
116 191
116 192
116 194
116 196
116 197
116 198
116 199
116 200
117 118
117 121
117 122
117 124
117 127
117 129
117 130
117 132
117 134
117 135
117 137
117 139
117 143
117 144
117 145
117 149
117 151
117 153
117 154
117 155
117 157
117 158
117 163
117 164
117 165
117 167
117 168
117 171
117 175
117 178
117 182
117 184
117 187
117 188
117 189
117 190
117 191
117 192
117 193
117 196
117 198
118 119
118 120
118 124
118 127
118 130
118 132
118 135
118 139
118 140
118 141
118 142
118 147
118 149
118 150
118 151
118 152
118 153
118 154
118 155
118 156
118 159
118 161
118 162
118 163
118 164
118 167
118 170
118 171
118 174
118 178
118 180
118 182
118 184
118 185
118 186
118 188
118 189
118 191
118 193
118 194
118 196
118 197
118 198
118 199
119 121
119 128
119 130
119 134
119 135
119 136
119 139
119 141
119 142
119 143
119 145
119 146
119 148
119 151
119 152
119 159
119 160
119 162
119 163
119 165
119 167
119 168
119 171
119 172
119 176
119 177
119 183
119 186
119 190
119 191
119 193
119 198
119 199
120 127
120 134
120 137
120 140
120 141
120 143
120 146
120 148
120 150
120 151
120 153
120 154
120 157
120 160
120 163
120 165
120 166
120 169
120 171
120 172
120 175
120 176
120 177
120 181
120 182
120 184
120 185
120 186
120 187
120 189
120 190
120 192
120 193
120 194
120 195
120 197
120 198
120 199
121 122
121 124
121 126
121 127
121 128
121 130
121 131
121 135
121 136
121 137
121 141
121 142
121 146
121 147
121 148
121 152
121 153
121 156
121 157
121 158
121 162
121 164
121 166
121 168
121 169
121 170
121 171
121 174
121 176
121 177
121 178
121 180
121 181
121 184
121 186
121 190
121 192
121 200
122 123
122 124
122 127
122 129
122 132
122 133
122 134
122 135
122 138
122 139
122 140
122 141
122 142
122 144
122 149
122 151
122 152
122 153
122 156
122 158
122 160
122 161
122 164
122 165
122 166
122 167
122 169
122 171
122 173
122 174
122 177
122 182
122 183
122 184
122 187
122 189
122 190
122 192
122 193
122 198
122 200
123 124
123 125
123 126
123 129
123 132
123 133
123 135
123 138
123 142
123 143
123 144
123 145
123 148
123 151
123 152
123 153
123 158
123 159
123 160
123 161
123 162
123 163
123 165
123 167
123 168
123 169
123 170
123 171
123 172
123 174
123 176
123 177
123 179
123 181
123 183
123 185
123 188
123 189
123 190
123 194
123 195
123 199
123 200
124 125
124 126
124 127
124 130
124 131
124 132
124 135
124 136
124 137
124 138
124 139
124 141
124 142
124 143
124 145
124 146
124 148
124 149
124 150
124 151
124 152
124 153
124 154
124 156
124 158
124 159
124 161
124 163
124 164
124 165
124 166
124 170
124 172
124 174
124 175
124 176
124 178
124 179
124 180
124 181
124 185
124 186
124 187
124 188
124 191
124 192
124 193
124 194
125 126
125 128
125 130
125 132
125 133
125 134
125 136
125 138
125 139
125 140
125 145
125 146
125 147
125 151
125 154
125 157
125 159
125 160
125 161
125 162
125 165
125 166
125 167
125 168
125 170
125 173
125 174
125 179
125 184
125 185
125 187
125 190
125 191
125 192
125 195
125 196
125 197
125 198
125 199
125 200
126 128
126 129
126 130
126 136
126 139
126 141
126 144
126 145
126 149
126 152
126 154
126 156
126 161
126 162
126 164
126 165
126 170
126 174
126 175
126 176
126 177
126 178
126 179
126 180
126 181
126 184
126 185
126 190
126 192
126 195
126 196
126 198
126 199
127 128
127 131
127 132
127 133
127 137
127 138
127 140
127 141
127 142
127 143
127 144
127 146
127 147
127 148
127 149
127 150
127 151
127 152
127 155
127 156
127 158
127 162
127 163
127 164
127 165
127 166
127 168
127 169
127 173
127 174
127 176
127 178
127 180
127 182
127 186
127 189
127 192
127 194
127 196
127 200
128 130
128 135
128 136
128 137
128 141
128 142
128 144
128 147
128 148
128 149
128 150
128 152
128 154
128 156
128 157
128 158
128 166
128 167
128 169
128 172
128 173
128 176
128 177
128 179
128 181
128 182
128 183
128 186
128 187
128 190
128 195
128 197
128 200
129 133
129 134
129 136
129 142
129 143
129 147
129 149
129 152
129 156
129 157
129 158
129 159
129 161
129 164
129 165
129 166
129 168
129 169
129 171
129 172
129 173
129 175
129 176
129 179
129 180
129 181
129 182
129 183
129 184
129 185
129 186
129 188
129 191
129 195
129 196
129 197
129 198
130 131
130 132
130 135
130 136
130 138
130 140
130 141
130 142
130 143
130 147
130 148
130 149
130 151
130 152
130 154
130 155
130 156
130 162
130 163
130 165
130 168
130 169
130 171
130 173
130 176
130 182
130 183
130 187
130 190
130 194
130 195
130 196
130 197
130 198
130 199
130 200
131 132
131 134
131 138
131 144
131 145
131 148
131 149
131 151
131 153
131 157
131 158
131 162
131 163
131 166
131 170
131 173
131 176
131 180
131 183
131 184
131 186
131 188
131 189
131 191
131 192
131 193
131 196
131 197
131 200
132 133
132 136
132 137
132 140
132 143
132 151
132 152
132 156
132 160
132 161
132 163
132 165
132 166
132 167
132 169
132 170
132 171
132 172
132 175
132 177
132 178
132 179
132 180
132 181
132 184
132 185
132 188
132 189
132 190
132 191
132 193
132 197
133 134
133 136
133 137
133 141
133 143
133 145
133 146
133 148
133 150
133 151
133 155
133 158
133 163
133 166
133 167
133 168
133 169
133 170
133 171
133 172
133 173
133 175
133 176
133 181
133 182
133 184
133 186
133 187
133 190
133 194
133 198
133 199
134 135
134 136
134 137
134 139
134 141
134 142
134 144
134 146
134 147
134 150
134 152
134 153
134 155
134 156
134 157
134 158
134 159
134 160
134 161
134 162
134 163
134 165
134 167
134 170
134 171
134 174
134 175
134 177
134 179
134 180
134 181
134 182
134 183
134 185
134 189
134 190
134 194
134 197
134 200
135 136
135 137
135 138
135 139
135 140
135 141
135 144
135 145
135 146
135 147
135 150
135 151
135 153
135 155
135 158
135 159
135 160
135 162
135 165
135 166
135 167
135 168
135 169
135 175
135 176
135 177
135 179
135 182
135 184
135 185
135 188
135 189
135 190
135 192
135 195
135 196
135 197
136 137
136 140
136 143
136 149
136 155
136 157
136 158
136 159
136 160
136 161
136 162
136 164
136 165
136 166
136 167
136 169
136 174
136 177
136 179
136 180
136 182
136 183
136 184
136 185
136 186
136 187
136 191
136 193
136 194
136 195
136 196
136 199
137 139
137 144
137 148
137 150
137 152
137 154
137 158
137 159
137 163
137 164
137 165
137 166
137 167
137 168
137 171
137 173
137 174
137 175
137 176
137 177
137 178
137 180
137 183
137 186
137 190
137 192
137 194
137 196
137 198
138 140
138 141
138 142
138 146
138 152
138 153
138 155
138 156
138 158
138 159
138 162
138 163
138 164
138 171
138 172
138 173
138 174
138 176
138 179
138 184
138 186
138 187
138 188
138 191
138 192
138 193
138 194
138 196
138 197
138 199
138 200
139 140
139 142
139 144
139 145
139 147
139 148
139 149
139 150
139 151
139 152
139 153
139 154
139 158
139 159
139 163
139 164
139 169
139 171
139 172
139 173
139 178
139 179
139 180
139 183
139 185
139 186
139 188
139 190
139 191
139 193
139 196
139 200
140 142
140 144
140 145
140 147
140 148
140 149
140 151
140 153
140 157
140 160
140 162
140 163
140 164
140 166
140 167
140 170
140 177
140 178
140 179
140 184
140 187
140 188
140 189
140 190
140 192
140 193
140 196
140 197
140 198
140 199
140 200
141 143
141 145
141 148
141 149
141 150
141 152
141 153
141 154
141 157
141 160
141 161
141 162
141 163
141 166
141 167
141 168
141 169
141 171
141 173
141 179
141 180
141 182
141 183
141 184
141 186
141 189
141 191
141 192
141 193
141 195
141 199
141 200
142 143
142 145
142 147
142 150
142 152
142 153
142 158
142 159
142 161
142 165
142 166
142 168
142 169
142 171
142 172
142 173
142 175
142 176
142 179
142 182
142 183
142 184
142 187
142 189
142 197
142 199
142 200
143 144
143 148
143 149
143 150
143 151
143 157
143 158
143 160
143 171
143 172
143 173
143 179
143 189
143 191
143 192
143 195
143 198
143 200
144 148
144 151
144 152
144 155
144 157
144 158
144 159
144 160
144 161
144 162
144 163
144 166
144 167
144 169
144 171
144 172
144 173
144 174
144 176
144 177
144 179
144 183
144 184
144 185
144 187
144 189
144 191
144 194
144 198
144 200
145 146
145 147
145 150
145 151
145 154
145 155
145 158
145 159
145 160
145 162
145 166
145 169
145 170
145 172
145 173
145 174
145 175
145 178
145 180
145 182
145 183
145 185
145 187
145 188
145 189
145 197
145 199
146 147
146 148
146 149
146 151
146 152
146 154
146 156
146 160
146 162
146 163
146 164
146 166
146 169
146 171
146 172
146 176
146 177
146 178
146 179
146 183
146 185
146 186
146 187
146 189
146 191
146 193
146 194
146 195
146 198
146 200
147 148
147 149
147 154
147 155
147 158
147 161
147 169
147 171
147 173
147 174
147 176
147 178
147 180
147 183
147 191
147 192
147 193
147 194
147 195
147 196
147 197
147 198
147 199
148 149
148 151
148 152
148 154
148 157
148 159
148 160
148 161
148 162
148 163
148 164
148 165
148 167
148 168
148 172
148 173
148 177
148 178
148 179
148 180
148 185
148 190
148 191
148 192
148 194
148 197
148 199
148 200
149 152
149 155
149 157
149 158
149 159
149 161
149 162
149 164
149 165
149 167
149 168
149 169
149 171
149 173
149 175
149 176
149 177
149 178
149 181
149 183
149 184
149 186
149 190
149 192
149 193
149 194
149 197
149 198
149 199
150 151
150 153
150 157
150 158
150 159
150 164
150 166
150 169
150 171
150 172
150 173
150 176
150 184
150 186
150 187
150 193
150 196
150 197
150 199
151 152
151 156
151 159
151 162
151 163
151 167
151 168
151 170
151 171
151 173
151 175
151 176
151 179
151 181
151 182
151 183
151 185
151 187
151 194
151 195
151 199
152 153
152 159
152 163
152 168
152 170
152 171
152 173
152 175
152 176
152 177
152 179
152 180
152 183
152 184
152 185
152 187
152 188
152 193
152 194
152 196
152 197
153 154
153 157
153 159
153 161
153 162
153 164
153 165
153 169
153 171
153 172
153 175
153 176
153 177
153 179
153 181
153 184
153 185
153 190
153 191
153 193
153 194
153 195
153 197
153 198
153 199
153 200
154 160
154 161
154 162
154 163
154 164
154 165
154 167
154 173
154 174
154 175
154 177
154 179
154 181
154 183
154 185
154 186
154 188
154 190
154 192
154 194
154 198
155 159
155 160
155 161
155 162
155 167
155 170
155 172
155 173
155 174
155 175
155 178
155 179
155 180
155 181
155 182
155 183
155 184
155 185
155 186
155 187
155 188
155 189
155 191
155 192
155 193
155 194
155 195
155 196
155 199
156 157
156 158
156 159
156 161
156 162
156 163
156 164
156 168
156 169
156 173
156 174
156 175
156 176
156 177
156 182
156 183
156 185
156 186
156 190
156 192
156 194
156 197
156 198
157 158
157 164
157 165
157 167
157 171
157 173
157 176
157 177
157 182
157 183
157 184
157 185
157 187
157 188
157 189
157 190
157 192
157 193
157 195
157 196
157 199
157 200
158 159
158 161
158 163
158 171
158 172
158 173
158 175
158 182
158 184
158 187
158 188
158 189
158 192
158 193
158 194
158 195
158 196
158 197
158 198
158 199
158 200
159 160
159 162
159 163
159 164
159 166
159 167
159 168
159 169
159 170
159 171
159 172
159 173
159 175
159 176
159 177
159 178
159 179
159 181
159 183
159 185
159 187
159 189
159 191
159 192
159 193
159 198
159 199
159 200
160 164
160 167
160 168
160 169
160 171
160 176
160 178
160 179
160 180
160 181
160 183
160 184
160 185
160 186
160 187
160 188
160 189
160 192
160 194
160 195
160 197
160 199
161 163
161 166
161 168
161 170
161 172
161 176
161 177
161 181
161 183
161 187
161 189
161 190
161 192
161 193
161 194
161 195
161 196
161 198
162 167
162 173
162 174
162 175
162 178
162 180
162 182
162 183
162 187
162 188
162 190
162 195
163 165
163 166
163 167
163 170
163 172
163 173
163 175
163 177
163 178
163 180
163 182
163 183
163 185
163 188
163 189
163 192
163 195
163 196
163 197
163 198
163 200
164 167
164 172
164 174
164 175
164 183
164 184
164 186
164 188
164 192
164 193
164 195
164 196
164 197
164 199
164 200
165 168
165 170
165 172
165 173
165 175
165 176
165 177
165 179
165 183
165 184
165 186
165 191
165 192
165 193
165 194
165 195
165 196
165 197
165 198
166 169
166 170
166 173
166 174
166 178
166 180
166 182
166 185
166 187
166 189
166 191
166 193
166 195
166 196
166 198
166 199
166 200
167 168
167 172
167 175
167 176
167 180
167 185
167 189
167 191
167 194
167 196
168 174
168 176
168 182
168 183
168 185
168 186
168 188
168 189
168 190
168 191
168 192
168 194
168 195
168 196
168 197
168 198
168 199
168 200
169 171
169 174
169 176
169 177
169 180
169 182
169 186
169 188
169 189
169 195
169 196
169 197
169 198
169 199
169 200
170 171
170 173
170 174
170 175
170 176
170 177
170 179
170 180
170 182
170 190
170 193
170 194
170 196
170 200
171 172
171 173
171 177
171 178
171 179
171 184
171 187
171 188
171 191
171 192
171 194
171 195
171 196
172 174
172 175
172 176
172 177
172 178
172 179
172 180
172 182
172 183
172 185
172 186
172 187
172 189
172 190
172 191
172 193
172 195
172 196
172 197
172 199
172 200
173 175
173 176
173 180
173 182
173 183
173 184
173 185
173 188
173 189
173 190
173 191
173 192
173 197
174 177
174 178
174 179
174 181
174 182
174 183
174 184
174 185
174 186
174 187
174 194
174 195
174 196
174 197
174 198
174 199
174 200
175 184
175 185
175 188
175 189
175 193
175 196
175 199
175 200
176 177
176 180
176 181
176 183
176 184
176 186
176 189
176 191
176 192
176 200
177 179
177 182
177 184
177 185
177 191
177 192
177 195
177 197
177 198
177 199
178 180
178 183
178 188
178 189
178 191
178 192
178 195
178 198
178 200
179 180
179 182
179 187
179 188
179 190
179 191
179 196
179 200
180 181
180 182
180 183
180 184
180 186
180 187
180 189
180 191
180 192
180 193
180 194
180 195
180 196
180 197
180 200
181 182
181 184
181 188
181 191
181 192
181 193
181 198
181 199
182 184
182 185
182 186
182 188
182 190
182 192
182 197
182 200
183 184
183 186
183 193
183 195
183 196
183 199
184 190
184 198
185 186
185 189
185 190
185 191
185 194
185 195
185 196
185 197
185 200
186 191
186 192
186 194
186 195
186 197
186 200
187 189
187 192
187 193
187 194
187 196
187 197
187 198
187 199
187 200
188 189
188 190
188 191
188 193
188 197
189 190
189 191
189 193
189 194
189 195
189 196
189 198
190 192
190 195
190 197
190 199
191 192
191 193
191 194
191 195
191 197
192 193
192 194
192 195
192 196
192 197
193 194
193 195
193 197
193 198
193 200
194 195
194 196
194 197
194 199
196 198
197 198
197 199
197 200
