25
1 2
1 5
1 6
1 7
1 9
1 13
1 17
1 18
1 20
1 22
1 25
2 4
2 6
2 7
2 9
2 10
2 14
2 15
2 17
2 18
2 20
2 21
2 22
2 24
3 4
3 5
3 7
3 12
3 13
3 16
3 23
3 24
4 6
4 7
4 12
4 14
4 18
4 19
4 21
4 24
5 6
5 7
5 9
5 10
5 12
5 15
5 16
5 17
5 19
5 20
5 22
5 24
6 8
6 10
6 12
6 15
6 16
6 17
6 20
6 21
6 22
7 9
7 10
7 11
7 16
7 18
7 19
7 21
7 22
7 24
8 11
8 13
8 14
8 24
8 25
9 11
9 12
9 15
9 17
9 19
9 23
10 13
10 15
10 18
10 20
10 21
10 22
10 23
11 12
11 13
11 15
11 16
11 17
11 18
11 20
11 23
11 24
11 25
12 14
12 17
12 19
12 20
12 23
12 24
12 25
13 16
13 17
13 18
13 20
13 21
13 22
13 25
14 16
14 18
14 20
14 21
14 22
14 23
15 16
15 17
15 18
15 21
15 22
15 23
15 24
16 17
16 19
16 20
16 21
16 23
16 25
17 22
17 25
18 19
18 20
18 21
18 23
18 25
19 20
20 22
21 24
22 23
23 24
24 25
