25
1 8
1 10
1 12
1 15
1 16
1 17
1 18
1 22
1 24
2 8
2 9
2 10
2 11
2 12
2 13
2 15
2 18
2 21
2 23
2 24
2 25
3 5
3 11
3 14
3 15
3 17
3 19
3 24
4 5
4 8
4 12
4 17
4 20
4 21
4 22
4 23
4 24
5 6
5 9
5 12
5 13
5 19
5 21
5 22
5 23
5 24
5 25
6 7
6 8
6 11
6 12
6 13
6 20
6 21
6 22
6 23
7 8
7 12
7 13
7 18
7 19
7 20
7 23
7 24
7 25
8 9
8 12
8 16
8 17
8 18
8 19
8 20
8 21
8 24
9 10
9 12
9 13
9 15
9 17
9 20
9 22
9 23
9 24
9 25
10 11
10 14
10 16
10 18
10 20
10 22
10 23
10 24
10 25
11 13
11 15
11 16
11 17
11 18
11 19
11 21
11 24
11 25
12 13
12 16
12 18
12 21
12 22
12 24
13 14
13 16
13 17
13 18
13 19
13 20
13 23
13 25
14 15
14 16
14 18
14 20
14 22
14 24
14 25
15 16
15 17
15 18
15 19
15 20
15 23
15 24
16 19
16 20
16 24
17 18
17 20
17 21
17 22
17 24
17 25
18 19
18 20
19 20
19 21
19 23
19 25
20 24
21 23
21 25
22 23
22 24
22 25
23 24
23 25
