25
1 3
1 4
1 5
1 6
1 7
1 9
1 10
1 12
1 15
1 23
1 24
2 4
2 5
2 8
2 11
2 13
2 15
2 17
2 18
2 21
2 23
2 24
3 4
3 5
3 6
3 10
3 15
3 16
3 17
3 18
3 19
3 21
3 22
3 24
3 25
4 7
4 9
4 14
4 15
4 16
4 17
4 18
4 19
4 23
4 25
5 7
5 9
5 14
5 15
5 17
5 18
5 19
5 21
5 22
5 24
6 7
6 8
6 10
6 13
6 15
6 16
6 17
6 18
6 21
6 24
6 25
7 8
7 9
7 10
7 15
7 16
7 20
7 21
8 9
8 14
8 15
8 18
8 22
8 23
8 25
9 10
9 12
9 15
9 21
10 12
10 18
10 22
10 23
11 14
11 18
11 20
11 21
11 24
11 25
12 14
12 15
12 16
12 18
12 19
12 22
12 23
12 25
13 16
13 17
13 19
13 21
13 23
14 16
14 17
14 22
14 23
14 25
15 16
15 17
15 19
15 21
15 22
15 23
15 24
15 25
16 21
16 22
16 25
17 21
17 24
18 19
18 20
18 22
18 25
19 20
19 25
21 22
21 23
21 25
22 24
22 25
24 25
