30
1 2
1 4
1 6
1 7
1 9
1 10
1 12
1 19
1 22
1 24
1 25
1 26
1 27
2 3
2 5
2 6
2 7
2 8
2 11
2 15
2 18
2 19
2 25
2 27
2 29
3 5
3 8
3 9
3 10
3 14
3 17
3 19
3 20
3 24
3 27
3 29
4 6
4 7
4 10
4 11
4 15
4 16
4 17
4 18
4 20
4 21
4 22
4 23
4 26
4 27
4 28
4 30
5 6
5 9
5 13
5 17
5 19
5 23
5 24
5 27
5 28
5 29
5 30
6 7
6 11
6 14
6 16
6 17
6 19
6 23
6 30
7 10
7 11
7 12
7 17
7 18
7 19
7 20
7 21
7 23
7 25
7 26
7 27
7 29
7 30
8 9
8 10
8 12
8 13
8 15
8 18
8 19
8 20
8 22
8 26
8 27
8 28
9 11
9 13
9 16
9 17
9 18
9 20
9 21
9 22
9 26
9 28
10 11
10 16
10 17
10 18
10 19
10 21
10 24
10 28
10 30
11 13
11 15
11 16
11 17
11 28
11 29
12 14
12 15
12 21
12 22
12 28
12 29
12 30
13 14
13 15
13 17
13 18
13 21
13 25
13 28
14 15
14 18
14 19
14 22
14 26
14 27
14 28
14 30
15 16
15 17
15 19
15 20
15 22
15 25
15 27
15 30
16 17
16 18
16 28
16 30
17 18
17 19
17 20
17 22
17 25
17 29
18 19
18 20
18 21
18 29
19 21
19 23
19 24
19 28
19 29
20 21
20 22
20 23
20 24
20 25
20 26
20 28
20 30
21 23
21 24
21 26
21 28
21 30
22 23
23 25
23 26
24 26
24 27
24 29
25 27
25 28
25 29
26 28
26 29
27 30
28 29
29 30
