30
1 2
1 5
1 7
1 8
1 9
1 14
1 17
1 18
1 19
1 20
1 21
1 23
1 24
1 25
1 26
1 27
1 28
1 29
2 4
2 7
2 8
2 10
2 12
2 13
2 15
2 16
2 17
2 21
2 22
2 25
2 26
2 27
2 28
2 29
3 6
3 8
3 9
3 10
3 11
3 13
3 16
3 17
3 25
3 28
3 29
4 5
4 7
4 8
4 9
4 10
4 12
4 13
4 14
4 17
4 20
4 21
4 22
4 24
4 25
4 30
5 7
5 8
5 9
5 10
5 14
5 15
5 16
5 20
5 21
5 23
5 24
5 28
5 30
6 7
6 9
6 10
6 11
6 12
6 13
6 17
6 20
6 21
6 22
6 24
6 26
6 27
6 28
6 29
7 12
7 13
7 14
7 16
7 17
7 18
7 24
7 25
7 27
7 29
7 30
8 9
8 10
8 11
8 15
8 18
8 21
8 22
8 23
8 24
8 25
8 27
8 28
8 30
9 13
9 18
9 19
9 20
9 22
9 23
9 26
9 29
10 11
10 12
10 13
10 17
10 18
10 20
10 21
10 22
10 23
10 24
10 25
10 26
10 27
10 28
11 14
11 15
11 17
11 20
11 24
11 26
11 27
12 14
12 16
12 17
12 18
12 19
12 23
12 25
12 26
12 27
13 14
13 17
13 18
13 21
13 22
13 23
13 24
13 26
13 27
13 28
13 29
13 30
14 18
14 23
14 24
14 25
14 27
14 29
15 18
15 23
15 24
15 28
15 30
16 19
16 20
16 21
16 23
16 24
16 25
16 27
16 28
16 30
17 20
17 22
17 23
17 25
17 26
17 27
17 29
18 20
18 23
18 25
18 27
18 28
18 29
18 30
19 20
19 21
19 24
19 25
19 26
19 27
19 29
20 21
20 23
20 24
20 25
20 26
20 28
20 30
21 22
21 26
21 28
21 29
21 30
22 25
22 29
22 30
23 25
23 26
23 28
23 29
24 27
24 30
25 27
25 28
25 30
26 27
26 28
26 29
27 29
28 29
