30
1 4
1 5
1 6
1 9
1 11
1 14
1 17
1 19
1 20
1 22
1 24
1 26
1 27
1 28
1 30
2 3
2 4
2 5
2 6
2 8
2 11
2 12
2 14
2 15
2 16
2 19
2 20
2 24
2 29
3 4
3 5
3 6
3 9
3 11
3 14
3 15
3 19
3 20
3 21
3 22
3 26
3 27
3 28
3 29
3 30
4 5
4 6
4 7
4 8
4 11
4 13
4 18
4 19
4 20
4 21
4 22
4 26
4 28
4 29
5 8
5 9
5 13
5 16
5 17
5 20
5 21
5 23
5 27
5 28
5 30
6 8
6 9
6 10
6 11
6 12
6 13
6 14
6 17
6 18
6 21
6 27
6 28
6 29
7 8
7 9
7 13
7 17
7 18
7 19
7 20
7 22
7 23
7 28
7 29
8 9
8 10
8 11
8 12
8 18
8 19
8 29
9 10
9 12
9 13
9 14
9 15
9 19
9 21
9 22
9 24
9 25
9 26
9 27
9 28
10 11
10 14
10 17
10 19
10 21
10 23
10 24
10 25
10 27
10 28
10 30
11 12
11 13
11 16
11 17
11 18
11 21
11 23
11 24
11 25
11 26
11 27
11 28
12 13
12 15
12 16
12 17
12 22
12 24
12 25
12 27
12 28
12 29
13 15
13 16
13 17
13 21
13 22
13 23
13 26
13 27
13 29
14 16
14 19
14 23
14 25
14 27
14 30
15 16
15 17
15 18
15 19
15 20
15 22
15 25
15 28
15 29
16 17
16 19
16 20
16 22
17 19
17 20
17 21
17 26
18 21
18 22
18 23
18 26
18 28
18 29
19 20
19 21
19 23
19 24
19 26
19 28
20 24
20 26
20 28
20 29
21 24
21 29
21 30
22 23
22 25
22 26
22 27
23 24
23 25
23 27
23 28
24 25
24 26
24 27
24 28
25 26
25 28
25 30
26 27
26 28
26 29
26 30
27 30
28 29
29 30
