50
1 3
1 4
1 5
1 7
1 8
1 11
1 12
1 13
1 15
1 17
1 19
1 21
1 25
1 26
1 34
1 35
1 37
1 39
1 40
1 43
1 48
1 50
2 8
2 9
2 11
2 12
2 13
2 14
2 16
2 18
2 19
2 23
2 25
2 28
2 29
2 31
2 32
2 34
2 35
2 37
2 39
2 43
2 44
2 45
2 46
2 47
2 48
2 49
3 4
3 5
3 6
3 7
3 8
3 10
3 12
3 18
3 19
3 22
3 23
3 26
3 28
3 30
3 34
3 35
3 36
3 39
3 42
3 43
3 45
3 49
4 7
4 10
4 11
4 13
4 16
4 20
4 24
4 30
4 32
4 33
4 34
4 35
4 37
4 42
4 44
4 45
4 48
4 49
4 50
5 6
5 7
5 8
5 9
5 12
5 15
5 16
5 19
5 20
5 21
5 22
5 23
5 25
5 26
5 29
5 30
5 33
5 34
5 35
5 40
5 47
6 7
6 9
6 13
6 15
6 16
6 17
6 18
6 19
6 23
6 24
6 26
6 29
6 30
6 32
6 33
6 34
6 35
6 36
6 39
6 40
6 41
6 42
6 45
6 46
6 47
7 8
7 12
7 14
7 18
7 20
7 24
7 27
7 28
7 29
7 31
7 35
7 39
7 40
7 42
7 44
7 47
7 49
8 9
8 10
8 12
8 13
8 17
8 18
8 20
8 21
8 23
8 24
8 25
8 27
8 29
8 30
8 32
8 37
8 38
8 41
8 48
8 49
9 11
9 12
9 17
9 19
9 23
9 24
9 26
9 29
9 31
9 32
9 34
9 35
9 37
9 40
9 41
9 42
9 44
9 45
9 47
9 49
10 12
10 14
10 16
10 19
10 20
10 21
10 24
10 25
10 26
10 31
10 32
10 33
10 38
10 40
10 41
10 43
10 44
10 46
10 50
11 13
11 14
11 24
11 25
11 27
11 28
11 31
11 33
11 35
11 39
11 44
11 46
11 49
12 13
12 14
12 15
12 16
12 19
12 20
12 22
12 23
12 24
12 25
12 27
12 30
12 31
12 32
12 34
12 37
12 39
12 40
12 43
12 44
12 45
12 48
12 49
12 50
13 15
13 16
13 17
13 20
13 22
13 24
13 26
13 27
13 28
13 29
13 32
13 33
13 34
13 37
13 38
13 39
13 40
13 42
13 44
13 45
13 46
13 48
13 50
14 19
14 22
14 23
14 24
14 25
14 27
14 29
14 30
14 37
14 43
14 45
14 48
14 50
15 16
15 19
15 21
15 22
15 23
15 28
15 31
15 32
15 33
15 34
15 35
15 37
15 38
15 39
15 40
15 41
15 42
15 43
15 46
15 49
15 50
16 18
16 20
16 21
16 23
16 24
16 25
16 29
16 30
16 33
16 34
16 35
16 36
16 37
16 41
16 43
16 44
16 45
16 46
16 48
17 18
17 19
17 27
17 30
17 31
17 33
17 35
17 36
17 37
17 38
17 40
17 41
17 42
17 45
17 48
17 49
17 50
18 20
18 21
18 26
18 28
18 29
18 30
18 31
18 35
18 36
18 37
18 41
18 42
18 44
18 45
18 49
19 20
19 21
19 23
19 24
19 25
19 26
19 27
19 31
19 34
19 35
19 36
19 38
19 40
19 41
19 42
19 43
19 49
19 50
20 21
20 23
20 24
20 25
20 31
20 32
20 34
20 36
20 37
20 38
20 39
20 40
20 44
20 47
20 50
21 22
21 23
21 24
21 25
21 27
21 28
21 30
21 34
21 39
21 40
21 41
21 43
21 44
21 47
21 50
22 24
22 25
22 26
22 30
22 31
22 33
22 34
22 35
22 36
22 37
22 38
22 39
22 40
22 41
22 46
22 47
22 49
23 25
23 29
23 31
23 32
23 37
23 39
23 40
23 41
23 42
23 46
23 48
23 49
23 50
24 28
24 31
24 32
24 35
24 36
24 37
24 38
24 40
24 41
24 42
24 43
24 44
24 48
25 28
25 29
25 30
25 32
25 34
25 38
25 43
25 44
25 48
25 50
26 29
26 30
26 31
26 33
26 34
26 35
26 37
26 38
26 40
26 43
26 45
26 46
26 48
26 49
26 50
27 29
27 32
27 35
27 37
27 39
27 40
27 41
27 42
27 43
27 44
27 47
27 48
27 49
27 50
28 30
28 32
28 34
28 35
28 36
28 37
28 39
28 41
28 42
28 46
28 48
28 49
28 50
29 32
29 36
29 37
29 39
29 40
29 42
29 43
29 47
29 50
30 32
30 33
30 35
30 36
30 37
30 38
30 41
30 43
30 47
30 50
31 32
31 42
31 45
31 46
31 47
32 41
32 45
32 48
32 49
33 35
33 36
33 39
33 41
33 44
33 47
33 48
33 50
34 35
34 38
34 41
34 44
34 45
34 46
34 48
34 49
34 50
35 41
35 44
35 45
35 46
35 49
36 37
36 43
36 47
36 49
36 50
37 38
37 40
37 41
37 43
37 48
37 49
37 50
38 39
38 40
38 41
38 42
38 44
38 45
38 47
38 49
38 50
39 41
39 42
39 47
39 48
39 49
39 50
40 41
40 42
40 43
40 44
40 48
40 50
41 43
41 44
41 45
41 46
41 47
41 49
42 44
42 45
42 46
42 49
43 44
43 46
43 48
43 49
44 46
45 46
45 47
46 47
46 48
46 49
47 48
47 49
47 50
48 49
49 50
