50
1 4
1 5
1 6
1 10
1 11
1 12
1 13
1 14
1 16
1 18
1 19
1 21
1 22
1 25
1 26
1 27
1 29
1 30
1 31
1 33
1 35
1 37
1 38
1 39
1 40
1 47
2 4
2 6
2 8
2 10
2 11
2 12
2 13
2 14
2 15
2 17
2 19
2 21
2 23
2 26
2 30
2 31
2 34
2 35
2 38
2 39
2 41
2 42
2 46
2 48
2 50
3 4
3 5
3 6
3 8
3 10
3 11
3 13
3 14
3 15
3 16
3 17
3 18
3 19
3 20
3 21
3 25
3 26
3 28
3 29
3 30
3 33
3 34
3 35
3 36
3 37
3 38
3 40
3 41
3 43
3 45
3 46
3 50
4 5
4 6
4 7
4 8
4 9
4 10
4 11
4 12
4 15
4 17
4 21
4 22
4 26
4 28
4 29
4 30
4 32
4 33
4 39
4 40
4 41
4 43
4 44
4 45
5 8
5 11
5 12
5 15
5 16
5 17
5 20
5 21
5 23
5 24
5 25
5 26
5 30
5 31
5 33
5 34
5 36
5 37
5 42
5 43
5 47
5 48
5 49
5 50
6 9
6 11
6 12
6 13
6 14
6 15
6 16
6 19
6 21
6 22
6 23
6 29
6 31
6 32
6 36
6 38
6 39
6 40
6 41
6 45
6 46
6 47
6 49
7 10
7 11
7 12
7 13
7 14
7 15
7 17
7 18
7 19
7 22
7 23
7 24
7 25
7 27
7 28
7 29
7 30
7 31
7 32
7 33
7 34
7 36
7 39
7 40
7 41
7 44
7 46
7 47
7 48
7 49
8 9
8 10
8 11
8 14
8 16
8 18
8 19
8 20
8 25
8 26
8 33
8 35
8 37
8 40
8 41
8 42
8 43
8 47
8 49
9 15
9 16
9 17
9 18
9 19
9 20
9 22
9 25
9 28
9 30
9 31
9 32
9 34
9 40
9 43
9 44
9 46
9 48
10 13
10 15
10 18
10 22
10 27
10 30
10 31
10 32
10 33
10 34
10 36
10 39
10 42
10 43
10 49
11 12
11 13
11 14
11 15
11 16
11 17
11 18
11 21
11 22
11 23
11 30
11 31
11 32
11 33
11 36
11 40
11 41
11 46
11 47
11 48
12 13
12 14
12 15
12 16
12 19
12 23
12 24
12 25
12 26
12 27
12 28
12 31
12 33
12 35
12 36
12 38
12 40
12 43
12 45
12 46
12 47
12 48
12 49
13 15
13 17
13 19
13 21
13 23
13 24
13 25
13 26
13 28
13 30
13 31
13 32
13 33
13 34
13 36
13 39
13 40
13 41
13 44
13 46
13 49
13 50
14 16
14 18
14 20
14 21
14 22
14 23
14 24
14 27
14 29
14 30
14 31
14 33
14 35
14 37
14 39
14 40
14 41
14 42
14 43
14 44
14 45
14 48
14 49
15 18
15 19
15 23
15 25
15 27
15 28
15 29
15 31
15 32
15 33
15 34
15 40
15 41
15 43
15 45
15 49
16 18
16 20
16 21
16 22
16 23
16 24
16 25
16 27
16 29
16 31
16 32
16 34
16 35
16 37
16 44
16 47
16 49
16 50
17 18
17 19
17 23
17 25
17 26
17 27
17 28
17 31
17 35
17 38
17 39
17 45
17 47
17 49
18 20
18 23
18 24
18 25
18 29
18 32
18 34
18 35
18 39
18 42
18 44
18 47
18 48
19 20
19 21
19 25
19 26
19 27
19 28
19 30
19 31
19 32
19 33
19 36
19 37
19 38
19 40
19 41
19 44
19 48
20 22
20 24
20 28
20 29
20 32
20 33
20 34
20 35
20 36
20 40
20 43
20 45
20 46
20 48
21 23
21 30
21 33
21 34
21 35
21 40
21 41
21 42
21 43
21 44
21 46
21 48
21 49
21 50
22 24
22 25
22 26
22 27
22 29
22 30
22 32
22 35
22 36
22 37
22 39
22 43
22 44
22 45
22 49
23 24
23 27
23 28
23 29
23 31
23 32
23 33
23 37
23 39
23 42
23 47
23 48
23 49
23 50
24 26
24 29
24 33
24 35
24 37
24 39
24 40
24 41
25 27
25 28
25 31
25 32
25 38
25 39
25 45
25 46
25 47
25 48
25 49
26 27
26 28
26 31
26 35
26 38
26 41
26 44
26 45
26 48
27 29
27 30
27 31
27 33
27 34
27 35
27 37
27 38
27 40
27 43
27 45
27 48
27 49
27 50
28 38
28 40
28 41
28 42
28 43
28 45
28 48
29 31
29 33
29 34
29 35
29 43
29 46
29 48
29 49
30 33
30 34
30 36
30 37
30 38
30 39
30 40
30 41
30 43
30 45
30 47
30 48
30 50
31 33
31 35
31 36
31 45
31 46
32 34
32 35
32 37
32 40
32 41
32 42
32 45
32 46
32 50
33 34
33 36
33 37
33 39
33 40
33 41
33 42
33 45
33 48
33 49
34 36
34 38
34 41
34 42
34 43
34 45
34 47
34 49
34 50
35 36
35 39
35 40
35 41
35 43
35 44
35 45
35 46
35 47
35 49
36 41
36 43
36 47
36 49
37 38
37 40
37 41
37 48
37 50
38 39
38 42
38 43
38 44
38 45
38 46
39 42
39 44
39 45
39 46
39 48
40 41
40 49
41 44
41 45
41 46
41 48
41 49
41 50
42 43
42 44
42 45
42 46
42 47
42 48
43 44
43 45
43 47
43 48
43 49
44 45
44 46
44 48
44 49
44 50
45 46
45 48
45 49
45 50
46 48
46 49
47 50
48 50
49 50
