80
1 2
1 4
1 6
1 8
1 10
1 11
1 12
1 14
1 20
1 21
1 22
1 27
1 28
1 29
1 30
1 39
1 41
1 42
1 44
1 47
1 48
1 50
1 52
1 53
1 56
1 58
1 62
1 65
1 68
1 70
1 72
1 75
1 76
1 80
2 6
2 7
2 10
2 11
2 12
2 13
2 14
2 17
2 18
2 20
2 21
2 22
2 23
2 24
2 26
2 27
2 28
2 30
2 35
2 36
2 37
2 39
2 40
2 41
2 42
2 44
2 47
2 50
2 51
2 52
2 56
2 58
2 63
2 64
2 68
2 70
2 71
2 72
2 74
2 76
2 78
2 79
3 4
3 6
3 7
3 8
3 9
3 11
3 13
3 14
3 16
3 18
3 21
3 22
3 24
3 27
3 33
3 35
3 37
3 39
3 41
3 45
3 47
3 50
3 52
3 53
3 54
3 56
3 57
3 59
3 60
3 62
3 63
3 65
3 69
3 70
3 73
3 77
3 78
3 80
4 5
4 6
4 10
4 11
4 12
4 13
4 14
4 16
4 19
4 22
4 24
4 26
4 27
4 28
4 29
4 30
4 33
4 35
4 37
4 40
4 41
4 42
4 46
4 47
4 48
4 49
4 50
4 51
4 52
4 54
4 55
4 56
4 64
4 65
4 67
4 70
4 72
4 75
4 76
4 77
5 6
5 7
5 11
5 12
5 13
5 14
5 15
5 16
5 17
5 19
5 21
5 22
5 23
5 24
5 25
5 27
5 29
5 31
5 33
5 37
5 38
5 40
5 41
5 42
5 47
5 50
5 52
5 60
5 63
5 64
5 66
5 67
5 68
5 70
5 71
5 74
5 76
5 77
5 79
5 80
6 7
6 8
6 10
6 11
6 12
6 13
6 15
6 17
6 18
6 20
6 25
6 26
6 27
6 29
6 32
6 33
6 34
6 35
6 37
6 39
6 40
6 42
6 44
6 45
6 46
6 47
6 50
6 51
6 52
6 53
6 55
6 56
6 57
6 59
6 62
6 63
6 64
6 65
6 66
6 67
6 69
6 70
6 71
6 72
6 75
6 76
6 77
6 79
7 9
7 10
7 11
7 12
7 19
7 20
7 21
7 28
7 30
7 31
7 35
7 36
7 37
7 38
7 39
7 43
7 45
7 46
7 47
7 48
7 49
7 52
7 54
7 55
7 57
7 58
7 59
7 60
7 61
7 63
7 64
7 66
7 70
7 72
7 75
7 76
7 77
7 80
8 12
8 13
8 14
8 15
8 16
8 17
8 18
8 21
8 23
8 25
8 28
8 29
8 32
8 39
8 40
8 41
8 42
8 46
8 47
8 48
8 51
8 54
8 56
8 57
8 62
8 64
8 65
8 67
8 68
8 69
8 73
8 76
8 79
9 14
9 16
9 19
9 20
9 21
9 23
9 25
9 26
9 27
9 28
9 30
9 31
9 35
9 36
9 38
9 41
9 42
9 43
9 44
9 46
9 48
9 50
9 52
9 54
9 55
9 56
9 60
9 61
9 63
9 64
9 69
9 70
9 74
9 75
9 77
9 78
9 79
9 80
10 11
10 12
10 14
10 16
10 18
10 19
10 20
10 23
10 24
10 25
10 26
10 28
10 29
10 30
10 32
10 35
10 36
10 37
10 39
10 41
10 44
10 45
10 48
10 49
10 50
10 52
10 53
10 54
10 55
10 58
10 59
10 60
10 63
10 68
10 70
10 72
10 73
10 79
11 12
11 14
11 16
11 20
11 21
11 22
11 24
11 30
11 32
11 33
11 34
11 36
11 37
11 40
11 45
11 47
11 50
11 51
11 53
11 54
11 55
11 56
11 58
11 61
11 68
11 69
11 71
11 72
11 74
11 75
11 76
11 79
12 14
12 16
12 21
12 23
12 25
12 26
12 27
12 28
12 29
12 30
12 33
12 34
12 35
12 36
12 37
12 40
12 41
12 43
12 44
12 45
12 48
12 52
12 53
12 54
12 58
12 59
12 60
12 62
12 64
12 65
12 66
12 71
12 72
12 76
12 79
13 15
13 17
13 20
13 22
13 24
13 25
13 27
13 29
13 30
13 32
13 33
13 37
13 41
13 43
13 44
13 47
13 50
13 51
13 56
13 58
13 59
13 60
13 62
13 64
13 67
13 68
13 70
13 71
13 72
13 73
13 74
13 75
13 77
14 16
14 19
14 22
14 24
14 27
14 30
14 32
14 34
14 35
14 36
14 40
14 50
14 51
14 53
14 54
14 56
14 57
14 58
14 60
14 63
14 65
14 67
14 71
14 72
14 74
14 75
14 77
14 78
15 16
15 17
15 22
15 24
15 25
15 26
15 27
15 30
15 31
15 33
15 34
15 35
15 36
15 37
15 39
15 41
15 42
15 44
15 45
15 48
15 51
15 52
15 53
15 54
15 56
15 57
15 59
15 60
15 61
15 66
15 67
15 68
15 69
15 71
15 73
15 74
15 75
15 76
15 77
15 78
16 17
16 18
16 19
16 20
16 21
16 22
16 25
16 26
16 27
16 28
16 29
16 30
16 31
16 32
16 34
16 36
16 37
16 40
16 41
16 42
16 44
16 45
16 47
16 49
16 51
16 53
16 54
16 56
16 61
16 62
16 63
16 67
16 70
16 71
16 72
16 73
16 74
16 77
16 78
17 18
17 20
17 21
17 22
17 23
17 26
17 29
17 30
17 31
17 32
17 34
17 37
17 39
17 40
17 41
17 43
17 44
17 45
17 46
17 47
17 48
17 50
17 52
17 53
17 55
17 56
17 57
17 58
17 59
17 61
17 63
17 64
17 67
17 68
17 72
17 76
17 77
17 78
17 80
18 19
18 20
18 21
18 23
18 25
18 29
18 30
18 36
18 39
18 41
18 42
18 44
18 46
18 47
18 49
18 51
18 56
18 57
18 59
18 61
18 62
18 64
18 66
18 69
18 70
18 72
18 74
18 78
18 79
18 80
19 20
19 22
19 23
19 24
19 29
19 32
19 34
19 35
19 36
19 38
19 39
19 40
19 41
19 47
19 49
19 51
19 54
19 55
19 57
19 58
19 60
19 61
19 64
19 66
19 67
19 71
19 72
19 74
19 78
19 80
20 21
20 23
20 24
20 25
20 27
20 29
20 31
20 34
20 38
20 41
20 44
20 45
20 47
20 48
20 49
20 51
20 56
20 57
20 58
20 59
20 61
20 62
20 63
20 66
20 68
20 70
20 71
20 72
20 73
20 74
20 77
20 78
21 22
21 23
21 24
21 25
21 26
21 27
21 32
21 34
21 37
21 38
21 41
21 42
21 46
21 48
21 49
21 50
21 51
21 52
21 53
21 57
21 58
21 59
21 62
21 63
21 66
21 68
21 72
21 75
21 77
21 78
21 79
22 26
22 32
22 36
22 41
22 44
22 45
22 47
22 49
22 50
22 51
22 53
22 54
22 55
22 56
22 57
22 58
22 60
22 61
22 64
22 72
22 75
22 76
22 77
22 79
23 24
23 27
23 29
23 31
23 32
23 44
23 46
23 47
23 48
23 50
23 52
23 56
23 58
23 59
23 63
23 66
23 67
23 69
23 70
23 75
23 77
23 79
24 25
24 26
24 27
24 29
24 30
24 31
24 33
24 36
24 38
24 39
24 50
24 52
24 53
24 55
24 56
24 57
24 59
24 60
24 63
24 64
24 66
24 70
25 26
25 28
25 29
25 31
25 34
25 35
25 36
25 37
25 38
25 41
25 42
25 44
25 45
25 47
25 48
25 50
25 53
25 56
25 60
25 61
25 62
25 63
25 64
25 65
25 69
25 71
25 73
25 74
25 75
25 77
25 79
25 80
26 27
26 28
26 29
26 32
26 33
26 36
26 37
26 38
26 39
26 46
26 48
26 49
26 50
26 51
26 53
26 58
26 60
26 61
26 63
26 66
26 67
26 68
26 71
26 74
26 76
26 80
27 28
27 29
27 30
27 33
27 38
27 39
27 42
27 44
27 46
27 47
27 48
27 50
27 51
27 52
27 53
27 55
27 56
27 57
27 61
27 65
27 68
27 70
27 76
27 78
28 29
28 30
28 34
28 36
28 39
28 40
28 41
28 47
28 50
28 51
28 54
28 55
28 58
28 60
28 61
28 64
28 70
28 71
28 72
28 73
28 74
28 75
28 78
29 31
29 37
29 38
29 39
29 42
29 44
29 45
29 47
29 48
29 49
29 50
29 51
29 58
29 59
29 61
29 63
29 65
29 66
29 70
29 72
29 73
29 74
29 77
30 31
30 32
30 33
30 34
30 35
30 36
30 40
30 42
30 43
30 44
30 45
30 50
30 51
30 52
30 57
30 58
30 60
30 62
30 64
30 65
30 66
30 68
30 69
30 73
30 74
30 75
30 76
30 79
31 32
31 34
31 35
31 36
31 37
31 38
31 40
31 42
31 43
31 44
31 45
31 50
31 53
31 55
31 56
31 57
31 59
31 60
31 61
31 62
31 65
31 66
31 67
31 69
31 70
31 71
31 72
31 76
31 78
31 79
32 34
32 37
32 39
32 40
32 45
32 46
32 50
32 51
32 52
32 57
32 58
32 59
32 60
32 68
32 70
32 72
32 73
32 74
32 75
32 76
32 78
32 79
33 38
33 42
33 43
33 44
33 45
33 46
33 47
33 49
33 52
33 55
33 56
33 57
33 62
33 64
33 65
33 67
33 68
33 69
33 70
33 71
33 72
33 73
33 75
33 80
34 36
34 38
34 39
34 44
34 45
34 46
34 48
34 51
34 52
34 53
34 54
34 56
34 58
34 59
34 60
34 62
34 65
34 67
34 68
34 69
34 71
34 73
34 75
34 77
34 78
34 79
34 80
35 36
35 39
35 40
35 45
35 46
35 48
35 49
35 54
35 55
35 57
35 58
35 59
35 60
35 62
35 66
35 67
35 68
35 69
35 72
35 75
35 78
35 79
35 80
36 38
36 39
36 42
36 44
36 48
36 49
36 51
36 53
36 55
36 57
36 58
36 60
36 62
36 63
36 65
36 67
36 68
36 69
36 70
36 71
36 74
36 75
36 77
36 79
36 80
37 40
37 42
37 46
37 48
37 49
37 51
37 52
37 53
37 54
37 55
37 57
37 59
37 60
37 68
37 69
37 72
37 73
37 75
37 76
37 77
37 79
37 80
38 42
38 43
38 44
38 45
38 47
38 49
38 50
38 57
38 58
38 60
38 63
38 65
38 66
38 73
38 78
39 40
39 43
39 44
39 46
39 49
39 52
39 53
39 55
39 58
39 62
39 63
39 65
39 66
39 69
39 71
39 75
39 76
39 77
39 78
39 79
39 80
40 41
40 42
40 44
40 46
40 47
40 49
40 51
40 52
40 53
40 55
40 58
40 60
40 63
40 67
40 71
40 72
40 74
40 77
41 43
41 44
41 45
41 48
41 50
41 51
41 52
41 53
41 54
41 55
41 58
41 59
41 61
41 63
41 64
41 67
41 69
41 70
41 72
41 73
41 79
42 44
42 45
42 46
42 49
42 52
42 54
42 55
42 56
42 58
42 61
42 62
42 63
42 64
42 65
42 66
42 67
42 68
42 69
42 70
42 72
42 73
42 76
42 77
42 79
42 80
43 44
43 45
43 47
43 48
43 49
43 50
43 51
43 53
43 54
43 55
43 57
43 59
43 62
43 63
43 64
43 65
43 67
43 68
43 72
43 73
43 74
43 76
43 77
43 78
44 46
44 48
44 49
44 50
44 54
44 58
44 59
44 60
44 66
44 67
44 70
44 71
44 73
44 74
44 76
44 78
44 79
44 80
45 47
45 48
45 51
45 53
45 54
45 57
45 59
45 60
45 61
45 63
45 64
45 69
45 70
45 71
45 72
45 73
45 76
45 78
45 80
46 47
46 49
46 51
46 52
46 53
46 57
46 58
46 63
46 65
46 67
46 69
46 72
46 73
46 77
46 80
47 49
47 51
47 52
47 54
47 56
47 57
47 58
47 59
47 62
47 63
47 66
47 68
47 69
47 70
47 72
47 75
47 80
48 52
48 53
48 54
48 56
48 59
48 61
48 65
48 67
48 70
48 71
48 80
49 54
49 56
49 57
49 60
49 65
49 67
49 68
49 74
49 76
49 77
49 78
49 79
50 51
50 52
50 54
50 55
50 56
50 59
50 62
50 65
50 66
50 70
50 71
50 72
50 73
50 74
50 78
50 79
50 80
51 54
51 58
51 61
51 62
51 65
51 68
51 69
51 71
51 73
51 75
51 76
51 78
51 79
52 54
52 56
52 59
52 62
52 64
52 66
52 67
52 69
52 70
52 71
52 76
52 77
52 80
53 54
53 56
53 58
53 59
53 60
53 61
53 64
53 66
53 67
53 68
53 75
53 78
53 79
53 80
54 56
54 61
54 63
54 64
54 65
54 67
54 68
54 69
54 70
54 71
54 74
54 75
54 77
54 78
55 56
55 58
55 62
55 67
55 69
55 72
55 73
55 74
55 80
56 57
56 58
56 61
56 74
56 76
56 80
57 66
57 69
57 70
57 72
57 73
57 74
57 75
57 76
57 77
57 78
57 79
57 80
58 59
58 61
58 76
58 77
58 78
58 80
59 61
59 63
59 65
59 67
59 69
59 70
59 72
59 75
59 78
60 61
60 63
60 67
60 68
60 71
60 72
60 73
60 75
60 79
60 80
61 62
61 63
61 65
61 66
61 67
61 68
61 69
61 71
61 72
61 79
62 64
62 65
62 66
62 70
62 76
62 78
63 64
63 65
63 71
63 73
63 74
63 75
63 76
63 78
63 80
64 65
64 69
64 72
64 74
64 75
64 77
64 78
64 79
65 67
65 68
65 72
65 73
65 74
65 77
65 78
65 80
66 67
66 68
66 69
66 70
66 72
66 74
66 76
66 79
67 68
67 69
67 76
67 77
67 80
68 69
68 70
68 74
68 75
68 77
68 78
69 70
69 71
69 73
70 71
70 72
70 73
70 76
71 73
71 75
71 79
72 77
72 79
72 80
73 75
73 77
73 79
74 75
74 76
74 77
74 78
74 79
74 80
75 76
75 77
76 77
77 78
77 80
78 79
78 80
