80
1 2
1 3
1 4
1 6
1 7
1 9
1 12
1 13
1 14
1 16
1 17
1 18
1 20
1 22
1 24
1 27
1 28
1 31
1 32
1 33
1 35
1 36
1 37
1 39
1 44
1 45
1 49
1 50
1 52
1 55
1 57
1 59
1 60
1 64
1 66
1 68
1 69
1 70
1 72
1 73
1 78
1 79
1 80
2 4
2 5
2 7
2 12
2 13
2 15
2 17
2 18
2 19
2 20
2 22
2 28
2 32
2 36
2 39
2 42
2 43
2 45
2 49
2 50
2 51
2 52
2 54
2 56
2 57
2 61
2 63
2 64
2 70
2 74
2 76
2 77
2 79
3 6
3 8
3 9
3 10
3 11
3 13
3 14
3 15
3 16
3 19
3 22
3 24
3 25
3 26
3 27
3 29
3 31
3 33
3 34
3 36
3 37
3 42
3 44
3 46
3 47
3 48
3 49
3 51
3 52
3 56
3 57
3 58
3 61
3 62
3 65
3 67
3 69
3 72
3 73
3 74
3 78
3 79
4 7
4 11
4 12
4 13
4 14
4 16
4 17
4 19
4 21
4 22
4 25
4 27
4 29
4 30
4 33
4 34
4 36
4 38
4 39
4 41
4 44
4 48
4 50
4 51
4 52
4 54
4 55
4 56
4 57
4 60
4 63
4 64
4 66
4 70
4 73
4 75
4 76
4 78
4 80
5 7
5 9
5 16
5 18
5 20
5 21
5 22
5 23
5 24
5 25
5 27
5 28
5 32
5 34
5 36
5 38
5 40
5 43
5 47
5 48
5 49
5 50
5 55
5 56
5 59
5 62
5 64
5 65
5 68
5 69
5 72
5 74
5 75
5 76
5 77
6 7
6 10
6 12
6 13
6 14
6 17
6 19
6 20
6 21
6 23
6 25
6 26
6 28
6 30
6 31
6 37
6 40
6 41
6 42
6 43
6 46
6 48
6 49
6 51
6 52
6 55
6 57
6 58
6 59
6 65
6 70
6 71
6 77
6 78
6 79
6 80
7 8
7 11
7 12
7 13
7 14
7 17
7 19
7 20
7 22
7 24
7 27
7 28
7 30
7 31
7 34
7 36
7 38
7 40
7 41
7 42
7 45
7 49
7 50
7 51
7 52
7 53
7 56
7 61
7 62
7 63
7 64
7 66
7 71
7 72
7 74
7 75
7 76
7 78
7 79
7 80
8 9
8 14
8 15
8 16
8 17
8 18
8 19
8 25
8 28
8 29
8 32
8 33
8 34
8 36
8 37
8 38
8 41
8 42
8 46
8 47
8 48
8 51
8 53
8 54
8 60
8 67
8 68
8 69
8 71
8 73
8 74
8 76
8 78
9 11
9 13
9 14
9 16
9 17
9 19
9 21
9 24
9 28
9 29
9 32
9 33
9 34
9 37
9 38
9 40
9 41
9 43
9 45
9 46
9 49
9 50
9 53
9 55
9 56
9 60
9 65
9 70
9 71
9 72
9 73
9 77
9 80
10 11
10 13
10 14
10 16
10 19
10 20
10 21
10 22
10 23
10 24
10 25
10 26
10 29
10 31
10 32
10 33
10 35
10 36
10 38
10 39
10 42
10 44
10 50
10 51
10 52
10 53
10 54
10 60
10 62
10 65
10 67
10 68
10 69
10 70
10 71
10 72
10 74
10 77
10 78
10 80
11 15
11 16
11 17
11 19
11 20
11 25
11 27
11 28
11 29
11 30
11 34
11 37
11 39
11 41
11 42
11 43
11 44
11 45
11 50
11 52
11 53
11 55
11 59
11 60
11 61
11 62
11 69
11 70
11 74
11 75
11 78
12 15
12 16
12 21
12 22
12 25
12 28
12 31
12 32
12 35
12 37
12 40
12 41
12 42
12 44
12 45
12 46
12 47
12 50
12 52
12 55
12 56
12 59
12 60
12 67
12 70
12 71
12 74
12 75
12 77
12 80
13 14
13 18
13 19
13 20
13 21
13 22
13 26
13 27
13 29
13 30
13 31
13 32
13 33
13 34
13 35
13 36
13 37
13 39
13 40
13 41
13 42
13 43
13 45
13 48
13 49
13 53
13 54
13 55
13 56
13 60
13 61
13 62
13 63
13 70
13 71
13 74
13 76
13 77
13 78
14 15
14 16
14 20
14 23
14 25
14 27
14 29
14 32
14 34
14 36
14 37
14 40
14 42
14 45
14 46
14 47
14 50
14 51
14 53
14 54
14 56
14 57
14 58
14 59
14 61
14 63
14 64
14 65
14 66
14 67
14 70
14 71
14 73
14 77
14 80
15 16
15 18
15 19
15 20
15 21
15 24
15 25
15 26
15 28
15 33
15 39
15 43
15 46
15 50
15 51
15 53
15 55
15 57
15 58
15 60
15 61
15 63
15 65
15 66
15 67
15 68
15 69
15 71
15 76
15 77
15 79
16 17
16 18
16 21
16 22
16 23
16 26
16 27
16 29
16 30
16 34
16 35
16 41
16 43
16 45
16 46
16 51
16 52
16 53
16 55
16 57
16 61
16 63
16 69
16 76
16 77
16 78
16 80
17 18
17 19
17 21
17 22
17 23
17 24
17 26
17 27
17 29
17 30
17 31
17 32
17 33
17 35
17 36
17 37
17 38
17 40
17 41
17 43
17 44
17 45
17 47
17 52
17 53
17 54
17 56
17 58
17 59
17 60
17 62
17 65
17 66
17 67
17 70
17 71
17 73
17 75
17 77
17 80
18 22
18 23
18 27
18 28
18 29
18 30
18 33
18 34
18 35
18 36
18 37
18 43
18 44
18 47
18 48
18 49
18 50
18 51
18 52
18 54
18 55
18 57
18 59
18 61
18 64
18 65
18 68
18 71
18 75
18 76
18 80
19 20
19 21
19 23
19 25
19 26
19 27
19 28
19 31
19 38
19 43
19 44
19 45
19 47
19 48
19 50
19 52
19 53
19 54
19 56
19 58
19 60
19 61
19 62
19 63
19 65
19 66
19 68
19 70
19 72
19 73
19 74
19 76
19 77
19 78
19 80
20 22
20 27
20 28
20 30
20 32
20 33
20 34
20 35
20 37
20 40
20 41
20 45
20 47
20 51
20 53
20 54
20 56
20 58
20 61
20 63
20 66
20 68
20 69
20 74
20 76
20 77
20 79
20 80
21 25
21 31
21 33
21 34
21 35
21 36
21 37
21 39
21 41
21 43
21 44
21 49
21 51
21 52
21 55
21 56
21 58
21 59
21 61
21 66
21 67
21 68
21 70
21 72
21 73
21 74
21 75
21 76
21 77
21 78
21 79
22 23
22 24
22 25
22 26
22 27
22 30
22 32
22 33
22 34
22 36
22 40
22 41
22 44
22 46
22 48
22 49
22 50
22 54
22 55
22 56
22 61
22 63
22 65
22 66
22 67
22 68
22 69
22 71
22 72
22 74
22 77
22 78
22 79
23 25
23 39
23 40
23 42
23 43
23 48
23 50
23 52
23 57
23 60
23 62
23 63
23 65
23 66
23 68
23 71
23 73
23 76
24 25
24 26
24 29
24 35
24 36
24 37
24 38
24 39
24 40
24 46
24 48
24 49
24 52
24 53
24 57
24 60
24 63
24 65
24 66
24 67
24 70
24 71
24 73
24 75
24 76
24 77
24 78
24 80
25 29
25 32
25 36
25 40
25 41
25 42
25 45
25 46
25 47
25 50
25 51
25 52
25 53
25 55
25 58
25 60
25 62
25 63
25 65
25 66
25 67
25 69
25 70
25 71
25 72
25 73
25 74
25 75
25 77
25 80
26 28
26 29
26 30
26 33
26 36
26 40
26 44
26 46
26 48
26 50
26 52
26 54
26 57
26 61
26 67
26 71
26 74
26 75
26 77
26 79
26 80
27 28
27 29
27 30
27 31
27 32
27 33
27 36
27 44
27 45
27 46
27 47
27 48
27 51
27 53
27 54
27 55
27 56
27 59
27 61
27 63
27 66
27 67
27 69
27 70
27 72
27 73
27 74
27 76
28 32
28 33
28 34
28 35
28 40
28 42
28 44
28 46
28 47
28 48
28 49
28 53
28 54
28 55
28 56
28 57
28 59
28 60
28 64
28 65
28 66
28 67
28 68
28 69
28 70
28 71
28 74
28 75
28 79
28 80
29 33
29 34
29 35
29 38
29 40
29 41
29 43
29 44
29 45
29 46
29 48
29 54
29 55
29 56
29 57
29 60
29 63
29 65
29 68
29 72
29 77
29 78
29 79
29 80
30 31
30 32
30 34
30 36
30 38
30 39
30 40
30 43
30 44
30 46
30 51
30 52
30 53
30 54
30 55
30 57
30 59
30 61
30 63
30 64
30 65
30 66
30 67
30 69
30 71
30 72
30 75
30 77
30 78
30 79
31 32
31 34
31 36
31 39
31 41
31 42
31 43
31 44
31 45
31 46
31 47
31 50
31 51
31 54
31 55
31 58
31 60
31 65
31 68
31 69
31 70
31 71
31 76
31 77
31 78
31 80
32 34
32 38
32 43
32 44
32 46
32 47
32 48
32 50
32 52
32 54
32 55
32 56
32 58
32 60
32 63
32 66
32 70
32 71
32 73
32 75
32 78
32 79
33 36
33 37
33 38
33 41
33 44
33 46
33 48
33 49
33 50
33 51
33 52
33 53
33 56
33 58
33 59
33 61
33 63
33 64
33 66
33 68
33 69
33 71
33 75
33 76
33 77
33 78
34 36
34 37
34 38
34 41
34 43
34 48
34 49
34 51
34 52
34 55
34 56
34 59
34 61
34 63
34 64
34 69
34 74
34 77
35 36
35 37
35 38
35 39
35 40
35 43
35 46
35 47
35 49
35 51
35 52
35 53
35 54
35 56
35 57
35 58
35 61
35 63
35 66
35 67
35 68
35 75
35 77
35 79
36 37
36 39
36 41
36 43
36 45
36 46
36 50
36 54
36 57
36 62
36 66
36 68
36 69
36 71
36 76
36 79
37 38
37 41
37 42
37 44
37 45
37 46
37 48
37 49
37 50
37 51
37 52
37 53
37 54
37 59
37 60
37 63
37 64
37 69
37 72
37 74
37 76
37 80
38 40
38 41
38 42
38 44
38 46
38 47
38 48
38 50
38 51
38 52
38 54
38 55
38 57
38 58
38 59
38 62
38 63
38 66
38 67
38 70
38 71
38 72
38 77
38 78
38 80
39 41
39 44
39 46
39 48
39 51
39 52
39 53
39 54
39 55
39 58
39 59
39 60
39 65
39 67
39 71
39 73
39 74
39 75
39 76
39 78
40 42
40 43
40 44
40 48
40 49
40 50
40 53
40 57
40 59
40 60
40 63
40 64
40 65
40 73
40 75
40 78
40 79
41 43
41 49
41 51
41 53
41 54
41 57
41 59
41 60
41 62
41 63
41 65
41 66
41 68
41 70
41 74
41 77
42 43
42 45
42 47
42 48
42 51
42 52
42 53
42 55
42 56
42 61
42 64
42 71
42 76
43 49
43 50
43 52
43 53
43 54
43 57
43 58
43 60
43 61
43 62
43 63
43 64
43 66
43 70
43 80
44 45
44 48
44 49
44 51
44 53
44 54
44 55
44 56
44 69
44 72
44 73
44 75
44 78
44 79
45 49
45 55
45 56
45 58
45 59
45 61
45 64
45 65
45 66
45 67
45 70
45 71
45 74
45 77
46 49
46 50
46 51
46 54
46 55
46 56
46 58
46 59
46 63
46 65
46 66
46 67
46 70
46 71
46 73
46 77
46 78
47 49
47 52
47 53
47 54
47 55
47 57
47 58
47 59
47 60
47 61
47 62
47 66
47 71
47 72
47 73
47 74
47 80
48 52
48 53
48 54
48 57
48 58
48 65
48 66
48 69
48 71
48 73
48 74
48 76
48 77
48 79
48 80
49 51
49 54
49 58
49 61
49 62
49 66
49 69
49 71
49 72
49 76
49 77
50 51
50 53
50 54
50 55
50 56
50 57
50 58
50 59
50 61
50 63
50 64
50 66
50 67
50 68
50 71
50 72
50 73
50 74
50 76
50 77
50 78
50 80
51 53
51 54
51 55
51 59
51 60
51 61
51 62
51 69
51 70
51 72
51 73
51 74
51 77
51 79
51 80
52 54
52 55
52 56
52 59
52 60
52 66
52 69
52 75
52 76
52 78
52 79
52 80
53 54
53 55
53 57
53 59
53 62
53 63
53 64
53 70
53 75
53 78
53 79
53 80
54 55
54 57
54 58
54 61
54 62
54 64
54 68
54 71
54 74
54 75
54 78
54 79
54 80
55 56
55 57
55 60
55 64
55 70
55 74
55 77
55 79
56 57
56 58
56 62
56 63
56 66
56 67
56 70
56 71
56 73
56 74
56 76
56 77
56 79
56 80
57 60
57 61
57 64
57 70
57 73
57 74
57 75
57 76
57 77
58 59
58 63
58 64
58 67
58 69
58 73
58 76
58 77
58 79
58 80
59 60
59 66
59 72
59 73
59 74
59 75
59 76
59 78
59 79
60 61
60 62
60 65
60 66
60 67
60 68
60 72
60 74
60 75
60 78
61 63
61 64
61 65
61 68
61 69
61 70
61 72
61 73
61 74
61 75
61 76
61 78
61 80
62 63
62 68
62 69
62 70
62 71
62 72
62 73
62 74
62 75
62 77
62 79
62 80
63 64
63 66
63 67
63 68
63 71
63 72
63 75
63 77
63 78
64 65
64 66
64 67
64 72
64 73
64 77
64 79
64 80
65 66
65 67
65 68
65 69
65 70
65 75
65 77
65 80
66 67
66 68
66 69
66 71
66 72
66 75
66 77
66 78
66 80
67 69
67 71
67 73
67 74
67 76
67 77
67 80
68 71
68 72
68 73
68 76
68 77
68 79
68 80
69 70
69 75
69 77
69 78
70 72
70 74
70 76
70 77
70 78
70 79
70 80
71 74
71 76
71 78
71 79
72 76
73 74
73 77
73 79
74 76
74 77
74 78
75 76
76 77
76 79
78 80
